0,0,0,car, x: -10, y: 0, vx: 2, vy: 0, psi_rad: 0,4.67,1.74
1  s_f 16.93  s_b 23.07  t_i 4.1  t_o 5
The formal decision is: 00000 namely is: 0
Final decision is: 00001
The corresponding cost is: -89
The cost of the formal decision is: 5
Path: 3 3 1 0 -1 
Total cost: -89
V from As: 2 3 4 5 6 7 8 8.33333 8.66667 9 9 9 9 8.66667 8.33333 8
S from Astar: 0 0.833333 2 3.5 5.33333 7.5 10 12.7222 15.5556 18.5 21.5 24.5 27.5 30.4444 33.2778 36 
X from Astar: -10 -9.16667 -8 -6.5 -4.66667 -2.5 1.67759e-10 2.72222 5.55556 8.5 11.5 14.5 17.5 20.4444 23.2778 26 
Y from Astar: 0 0 0 0 0 0 0 0 0 0 0 0 0 0 0 0 
0
X from QP: -10 -9.16172 -8.04522 -6.59673 -4.80388 -2.68484 -0.279234 2.3607 5.17871 8.11932 11.1325 14.1787 17.2284 20.2619 23.2699 26.2492 
Y from QP: 0 0 0 0 0 0 0 0 0 0 0 0 0 0 0 0 
VX from QP: 2 2.0012 2.0024 2.0036 2.0048 2.006 2.0072 2.0084 2.0096 2.01079 2.01199 2.01319 2.01438 2.01558 2.01677 2.01797 
VY from QP: 0 0 0 0 0 0 0 0 0 0 0 0 0 0 0 0 
Now x by QP is: -9.78275
Now y by QP is: 0
Now vx by QP is: 2.33728
Now vy by QP is: 0
1
X from QP: -10 -9.16172 -8.04522 -6.59673 -4.80388 -2.68484 -0.279234 2.3607 5.17871 8.11932 11.1325 14.1787 17.2284 20.2619 23.2699 26.2492 
Y from QP: 0 0 0 0 0 0 0 0 0 0 0 0 0 0 0 0 
VX from QP: 2 2.0012 2.0024 2.0036 2.0048 2.006 2.0072 2.0084 2.0096 2.01079 2.01199 2.01319 2.01438 2.01558 2.01677 2.01797 
VY from QP: 0 0 0 0 0 0 0 0 0 0 0 0 0 0 0 0 
0,0,100,car, x: -9.78275, y: 0, vx: 2.33728, vy: 0, psi_rad: 0,4.67,1.74
1  s_f 16.72  s_b 22.86  t_i 4  t_o 5
The formal decision is: 00001 namely is: 1
Final decision is: 00001
The corresponding cost is: -88.5908
The cost of the formal decision is: -88.5908
Path: 3 3 1 -1 -1 
Total cost: -88.5908
V from As: 2.33728 3.33728 4.33728 5.33728 6.33728 7.33728 8.33728 8.67062 9.00395 9.33728 9.00395 8.67062 8.33728 8.00395 7.67062 7.33728
S from Astar: 0 0.945761 2.22485 3.83728 5.78304 8.06214 10.6746 13.5092 16.455 19.5118 22.5687 25.5145 28.3491 31.0727 33.6851 36.1864 
X from Astar: -9.78275 -8.83699 -7.55789 -5.94547 -3.99971 -1.72061 0.891816 3.72647 6.67223 9.7291 12.786 15.7317 18.5664 21.2899 23.9023 26.4037 
Y from Astar: 0 0 0 0 0 0 0 0 0 0 0 0 0 0 0 0 
0
X from QP: -9.78275 -8.82881 -7.59217 -6.01976 -4.10174 -1.86062 0.658147 3.39529 6.28665 9.26881 12.2848 15.2896 18.2502 21.1451 23.9638 26.7036 
Y from QP: 0 0 0 0 0 0 0 0 0 0 0 0 0 0 0 0 
VX from QP: 2.33728 2.33851 2.33973 2.34096 2.34218 2.3434 2.34463 2.34585 2.34707 2.34829 2.34951 2.35073 2.35195 2.35317 2.35439 2.3556 
VY from QP: 0 0 0 0 0 0 0 0 0 0 0 0 0 0 0 0 
Now x by QP is: -9.53143
Now y by QP is: 0
Now vx by QP is: 2.6811
Now vy by QP is: 0
1
X from QP: -9.78275 -8.81355 -7.55876 -5.97208 -4.04645 -1.80475 0.70882 3.43697 6.31743 9.28848 12.2944 15.2913 18.2464 21.1383 23.957 26.6994 
Y from QP: 0 0 0 0 0 0 0 0 0 0 0 0 0 0 0 0 
VX from QP: 2.33728 2.33866 2.34003 2.3414 2.34277 2.34414 2.34551 2.34688 2.34825 2.34962 2.35099 2.35235 2.35372 2.35509 2.35645 2.35781 
VY from QP: 0 0 0 0 0 0 0 0 0 0 0 0 0 0 0 0 
0,0,200,car, x: -9.53143, y: 0, vx: 2.6811, vy: 0, psi_rad: 0,4.67,1.74
1  s_f 16.47  s_b 22.61  t_i 3.9  t_o 5
The formal decision is: 00001 namely is: 1
Final decision is: 00001
The corresponding cost is: -94.0744
The cost of the formal decision is: -94.0744
Path: 3 3 0 0 -1 
Total cost: -94.0744
V from As: 2.6811 3.6811 4.6811 5.6811 6.6811 7.6811 8.6811 8.6811 8.6811 8.6811 8.6811 8.6811 8.6811 8.34776 8.01443 7.6811
S from Astar: 0 1.06037 2.45406 4.1811 6.24146 8.63516 11.3622 14.2559 17.1496 20.0433 22.937 25.8307 28.7244 31.5625 34.2896 36.9055 
X from Astar: -9.53143 -8.47107 -7.07737 -5.35034 -3.28997 -0.896271 1.83076 4.72446 7.61816 10.5119 13.4056 16.2993 19.193 22.0311 24.7581 27.3741 
Y from Astar: 0 0 0 0 0 0 0 0 0 0 0 0 0 0 0 0 
0
X from QP: -9.53143 -8.46357 -7.11718 -5.44421 -3.44019 -1.13219 1.43158 4.19187 7.08826 10.0636 13.0687 16.0664 19.0307 21.9453 24.8026 27.6003 
Y from QP: 0 0 0 0 0 0 0 0 0 0 0 0 0 0 0 0 
VX from QP: 2.6811 2.68232 2.68355 2.68477 2.68599 2.68722 2.68844 2.68966 2.69088 2.6921 2.69332 2.69454 2.69576 2.69698 2.6982 2.69941 
VY from QP: 0 0 0 0 0 0 0 0 0 0 0 0 0 0 0 0 
Now x by QP is: -9.24576
Now y by QP is: 0
Now vx by QP is: 3.02431
Now vy by QP is: 0
1
X from QP: -9.53143 -8.44661 -7.08003 -5.39119 -3.37872 -1.07008 1.48792 4.23821 7.12249 10.0855 13.0795 16.0682 19.0264 21.9378 24.795 27.5956 
Y from QP: 0 0 0 0 0 0 0 0 0 0 0 0 0 0 0 0 
VX from QP: 2.6811 2.68249 2.68388 2.68527 2.68665 2.68804 2.68943 2.69081 2.6922 2.69358 2.69496 2.69635 2.69773 2.69911 2.70049 2.70187 
VY from QP: 0 0 0 0 0 0 0 0 0 0 0 0 0 0 0 0 
0,0,300,car, x: -9.24576, y: 0, vx: 3.02431, vy: 0, psi_rad: 0,4.67,1.74
1  s_f 16.18  s_b 22.32  t_i 3.8  t_o 5
The formal decision is: 00001 namely is: 1
Final decision is: 00001
The corresponding cost is: -92.9276
The cost of the formal decision is: -92.9276
Path: 3 3 0 -2 -1 
Total cost: -92.9276
V from As: 3.02431 4.02431 5.02431 6.02431 7.02431 8.02431 9.02431 9.02431 9.02431 9.02431 8.35764 7.69097 7.02431 6.69097 6.35764 6.02431
S from Astar: 0 1.17477 2.68287 4.52431 6.69908 9.20718 12.0486 15.0567 18.0648 21.0729 23.9699 26.6447 29.0972 31.3831 33.5579 35.6215 
X from Astar: -9.24576 -8.07099 -6.56289 -4.72145 -2.54668 -0.0385807 2.80285 5.81096 8.81906 11.8272 14.7242 17.3989 19.8515 22.1373 24.3121 26.3758 
Y from Astar: 0 0 0 0 0 0 0 0 0 0 0 0 0 0 0 0 
0
X from QP: -9.24576 -8.05702 -6.58081 -4.77045 -2.62654 -0.184833 2.4948 5.33906 8.27169 11.2197 14.1198 16.9243 19.6002 22.1269 24.4954 26.7034 
Y from QP: 0 0 0 0 0 0 0 0 0 0 0 0 0 0 0 0 
VX from QP: 3.02431 3.02558 3.02685 3.02812 3.02939 3.03066 3.03193 3.0332 3.03447 3.03574 3.037 3.03827 3.03954 3.0408 3.04207 3.04333 
VY from QP: 0 0 0 0 0 0 0 0 0 0 0 0 0 0 0 0 
Now x by QP is: -8.92509
Now y by QP is: 0
Now vx by QP is: 3.38058
Now vy by QP is: 0
1
X from QP: -9.24576 -8.03995 -6.54343 -4.7171 -2.56469 -0.122333 2.55149 5.38569 8.30613 11.2417 14.1306 16.9262 19.5958 22.1193 24.4877 26.6987 
Y from QP: 0 0 0 0 0 0 0 0 0 0 0 0 0 0 0 0 
VX from QP: 3.02431 3.02574 3.02718 3.02862 3.03006 3.03149 3.03293 3.03436 3.03579 3.03722 3.03866 3.04009 3.04152 3.04295 3.04437 3.0458 
VY from QP: 0 0 0 0 0 0 0 0 0 0 0 0 0 0 0 0 
0,0,400,car, x: -8.92509, y: 0, vx: 3.38058, vy: 0, psi_rad: 0,4.67,1.74
1  s_f 15.86  s_b 22  t_i 3.7  t_o 5
The formal decision is: 00001 namely is: 1
Final decision is: 00001
The corresponding cost is: -108.291
The cost of the formal decision is: -108.291
Path: 3 2 1 -2 -1 
Total cost: -108.291
V from As: 3.38058 4.38058 5.38058 6.38058 7.04725 7.71391 8.38058 8.71391 9.04725 9.38058 8.71391 8.04725 7.38058 7.04725 6.71391 6.38058
S from Astar: 0 1.29353 2.92039 4.88058 7.11855 9.57875 12.2612 15.1102 18.0704 21.1417 24.1575 26.951 29.5223 31.927 34.2205 36.4029 
X from Astar: -8.92509 -7.63156 -6.0047 -4.04451 -1.80654 0.653656 3.33607 6.18515 9.14535 12.2167 15.2324 18.0259 20.5972 23.0019 25.2954 27.4778 
Y from Astar: 0 0 0 0 0 0 0 0 0 0 0 0 0 0 0 0 
0
X from QP: -8.92509 -7.63211 -6.07555 -4.21315 -2.04511 0.398037 3.06479 5.8918 8.81282 11.7639 14.6884 17.5426 20.2948 22.9249 25.4237 27.7887 
Y from QP: 0 0 0 0 0 0 0 0 0 0 0 0 0 0 0 0 
VX from QP: 3.38058 3.38175 3.38292 3.38409 3.38526 3.38643 3.3876 3.38877 3.38994 3.3911 3.39227 3.39344 3.3946 3.39577 3.39693 3.3981 
VY from QP: 0 0 0 0 0 0 0 0 0 0 0 0 0 0 0 0 
Now x by QP is: -8.57024
Now y by QP is: 0
Now vx by QP is: 3.70845
Now vy by QP is: 0
1
X from QP: -8.92509 -7.61445 -6.03688 -4.15797 -1.98113 0.462692 3.12343 5.94003 8.84845 11.7866 14.6996 17.5445 20.2903 22.9171 25.4157 27.7839 
Y from QP: 0 0 0 0 0 0 0 0 0 0 0 0 0 0 0 0 
VX from QP: 3.38058 3.38192 3.38327 3.38461 3.38595 3.38729 3.38863 3.38997 3.39131 3.39264 3.39398 3.39532 3.39665 3.39799 3.39932 3.40065 
VY from QP: 0 0 0 0 0 0 0 0 0 0 0 0 0 0 0 0 
0,0,500,car, x: -8.57024, y: 0, vx: 3.70845, vy: 0, psi_rad: 0,4.67,1.74
1  s_f 15.51  s_b 21.65  t_i 3.6  t_o 5
The formal decision is: 00001 namely is: 1
Final decision is: 00001
The corresponding cost is: -125.153
The cost of the formal decision is: -125.153
Path: 3 2 0 -1 -1 
Total cost: -125.153
V from As: 3.70845 4.70845 5.70845 6.70845 7.37512 8.04178 8.70845 8.70845 8.70845 8.70845 8.37512 8.04178 7.70845 7.37512 7.04178 6.70845
S from Astar: 0 1.40282 3.13897 5.20845 7.55571 10.1252 12.9169 15.8197 18.7225 21.6253 24.4726 27.2088 29.8338 32.3477 34.7505 37.0422 
X from Astar: -8.57024 -7.16743 -5.43128 -3.36179 -1.01453 1.55495 4.34666 7.24947 10.1523 13.0551 15.9024 18.6385 21.2636 23.7775 26.1803 28.472 
Y from Astar: 0 0 0 0 0 0 0 0 0 0 0 0 0 0 0 0 
0
X from QP: -8.57024 -7.16866 -5.50766 -3.55001 -1.30129 1.20341 3.90986 6.7547 9.67544 12.6144 15.5227 18.3644 21.115 23.7596 26.2916 28.7092 
Y from QP: 0 0 0 0 0 0 0 0 0 0 0 0 0 0 0 0 
VX from QP: 3.70845 3.70962 3.71079 3.71196 3.71313 3.7143 3.71547 3.71664 3.7178 3.71897 3.72014 3.7213 3.72247 3.72363 3.7248 3.72596 
VY from QP: 0 0 0 0 0 0 0 0 0 0 0 0 0 0 0 0 
Now x by QP is: -8.18263
Now y by QP is: 0
Now vx by QP is: 4.03571
Now vy by QP is: 0
1
X from QP: -8.57024 -7.15224 -5.4717 -3.49869 -1.24179 1.26355 3.9644 6.79956 9.70857 12.6356 15.5331 18.3662 21.1109 23.7523 26.2842 28.7047 
Y from QP: 0 0 0 0 0 0 0 0 0 0 0 0 0 0 0 0 
VX from QP: 3.70845 3.70978 3.71111 3.71244 3.71377 3.7151 3.71642 3.71775 3.71908 3.7204 3.72173 3.72305 3.72437 3.7257 3.72702 3.72834 
VY from QP: 0 0 0 0 0 0 0 0 0 0 0 0 0 0 0 0 
0,0,600,car, x: -8.18263, y: 0, vx: 4.03571, vy: 0, psi_rad: 0,4.67,1.74
1  s_f 15.12  s_b 21.26  t_i 3.5  t_o 5
The formal decision is: 00001 namely is: 1
Final decision is: 00001
The corresponding cost is: -110.351
The cost of the formal decision is: -110.351
Path: 3 2 0 -2 -1 
Total cost: -110.351
V from As: 4.03571 5.03571 6.03571 7.03571 7.70238 8.36905 9.03571 9.03571 9.03571 9.03571 8.36905 7.70238 7.03571 6.70238 6.36905 6.03571
S from Astar: 0 1.5119 3.35714 5.53571 7.99206 10.6706 13.5714 16.5833 19.5952 22.6071 25.5079 28.1865 30.6429 32.9325 35.1111 37.1786 
X from Astar: -8.18263 -6.67073 -4.82549 -2.64692 -0.190572 2.488 5.38879 8.4007 11.4126 14.4245 17.3253 20.0039 22.4602 24.7499 26.9285 28.9959 
Y from Astar: 0 0 0 0 0 0 0 0 0 0 0 0 0 0 0 0 
0
X from QP: -8.18263 -6.66873 -4.89093 -2.8127 -0.44215 2.1813 4.99756 7.93628 10.927 13.9042 16.8118 19.6089 22.2672 24.7697 27.1091 29.2838 
Y from QP: 0 0 0 0 0 0 0 0 0 0 0 0 0 0 0 0 
VX from QP: 4.03571 4.03691 4.0381 4.0393 4.04049 4.04168 4.04287 4.04406 4.04526 4.04645 4.04764 4.04882 4.05001 4.0512 4.05239 4.05358 
VY from QP: 0 0 0 0 0 0 0 0 0 0 0 0 0 0 0 0 
Now x by QP is: -7.76196
Now y by QP is: 0
Now vx by QP is: 4.36951
Now vy by QP is: 0
1
X from QP: -8.18263 -6.65247 -4.85534 -2.76191 -0.383259 2.24081 5.05154 7.98067 10.9598 13.9251 16.8222 19.6107 22.263 24.7625 27.1018 29.2793 
Y from QP: 0 0 0 0 0 0 0 0 0 0 0 0 0 0 0 0 
VX from QP: 4.03571 4.03707 4.03842 4.03977 4.04112 4.04247 4.04382 4.04517 4.04652 4.04786 4.04921 4.05056 4.0519 4.05324 4.05459 4.05593 
VY from QP: 0 0 0 0 0 0 0 0 0 0 0 0 0 0 0 0 
0,0,700,car, x: -7.76196, y: 0, vx: 4.36951, vy: 0, psi_rad: 0,4.67,1.74
1  s_f 14.7  s_b 20.84  t_i 3.4  t_o 5
The formal decision is: 00001 namely is: 1
Final decision is: 00001
The corresponding cost is: -116.059
The cost of the formal decision is: -116.059
Path: 3 1 1 -2 -1 
Total cost: -116.059
V from As: 4.36951 5.36951 6.36951 7.36951 7.70284 8.03618 8.36951 8.70284 9.03618 9.36951 8.70284 8.03618 7.36951 7.03618 6.70284 6.36951
S from Astar: 0 1.62317 3.57967 5.86951 8.38157 11.0047 13.739 16.5844 19.5409 22.6085 25.6206 28.4104 30.978 33.379 35.6688 37.8475 
X from Astar: -7.76196 -6.13879 -4.18229 -1.89245 0.619606 3.24278 5.97706 8.82245 11.779 14.8466 17.8586 20.6485 23.2161 25.617 27.9069 30.0856 
Y from Astar: 0 0 0 0 0 0 0 0 0 0 0 0 0 0 0 0 
0
X from QP: -7.76196 -6.1513 -4.30065 -2.17788 0.209314 2.82671 5.62259 8.53657 11.5082 14.4809 17.4055 20.2448 22.972 25.5703 28.0325 30.3567 
Y from QP: 0 0 0 0 0 0 0 0 0 0 0 0 0 0 0 0 
VX from QP: 4.36951 4.3706 4.3717 4.37279 4.37388 4.37497 4.37606 4.37716 4.37825 4.37934 4.38042 4.38151 4.3826 4.38369 4.38478 4.38586 
VY from QP: 0 0 0 0 0 0 0 0 0 0 0 0 0 0 0 0 
Now x by QP is: -7.30936
Now y by QP is: 0
Now vx by QP is: 4.6749
Now vy by QP is: 0
1
X from QP: -7.76196 -6.13477 -4.26446 -2.12623 0.269196 2.88722 5.67748 8.58172 11.5416 14.5022 17.416 20.2466 22.9677 25.563 28.025 30.3522 
Y from QP: 0 0 0 0 0 0 0 0 0 0 0 0 0 0 0 0 
VX from QP: 4.36951 4.37076 4.37202 4.37327 4.37452 4.37578 4.37703 4.37828 4.37953 4.38078 4.38203 4.38327 4.38452 4.38577 4.38701 4.38826 
VY from QP: 0 0 0 0 0 0 0 0 0 0 0 0 0 0 0 0 
0,0,800,car, x: -7.30936, y: 0, vx: 4.6749, vy: 0, psi_rad: 0,4.67,1.74
1  s_f 14.24  s_b 20.38  t_i 3.3  t_o 5
The formal decision is: 00001 namely is: 1
Final decision is: 00001
The corresponding cost is: -133.377
The cost of the formal decision is: -133.377
Path: 3 1 0 -1 -1 
Total cost: -133.377
V from As: 4.6749 5.6749 6.6749 7.6749 8.00823 8.34157 8.6749 8.6749 8.6749 8.6749 8.34157 8.00823 7.6749 7.34157 7.00823 6.6749
S from Astar: 0 1.72497 3.78327 6.1749 8.78876 11.5137 14.3498 17.2414 20.1331 23.0247 25.8608 28.5857 31.1996 33.7023 36.094 38.3745 
X from Astar: -7.30936 -5.58439 -3.52609 -1.13446 1.4794 4.20436 7.04044 9.93207 12.8237 15.7153 18.5514 21.2764 23.8902 26.393 28.7846 31.0651 
Y from Astar: 0 0 0 0 0 0 0 0 0 0 0 0 0 0 0 0 
0
X from QP: -7.30936 -5.59759 -3.65 -1.43946 1.02091 3.69238 6.52046 9.44478 12.4086 15.3617 18.2627 21.082 23.8 26.4054 28.8933 31.2626 
Y from QP: 0 0 0 0 0 0 0 0 0 0 0 0 0 0 0 0 
VX from QP: 4.6749 4.67599 4.67709 4.67818 4.67927 4.68036 4.68145 4.68254 4.68363 4.68472 4.68581 4.6869 4.68799 4.68908 4.69016 4.69125 
VY from QP: 0 0 0 0 0 0 0 0 0 0 0 0 0 0 0 0 
Now x by QP is: -6.82624
Now y by QP is: 0
Now vx by QP is: 4.97969
Now vy by QP is: 0
1
X from QP: -7.30936 -5.58233 -3.61657 -1.39177 1.07621 3.74826 6.57115 9.48647 12.4394 15.3814 18.2724 21.0836 23.7961 26.3986 28.8864 31.2584 
Y from QP: 0 0 0 0 0 0 0 0 0 0 0 0 0 0 0 0 
VX from QP: 4.6749 4.67614 4.67738 4.67862 4.67986 4.6811 4.68234 4.68358 4.68482 4.68605 4.68729 4.68853 4.68976 4.69099 4.69223 4.69346 
VY from QP: 0 0 0 0 0 0 0 0 0 0 0 0 0 0 0 0 
0,0,900,car, x: -6.82624, y: 0, vx: 4.97969, vy: 0, psi_rad: 0,4.67,1.74
1  s_f 13.76  s_b 19.9  t_i 3.2  t_o 5
The formal decision is: 00001 namely is: 1
Final decision is: 00001
The corresponding cost is: -139.932
The cost of the formal decision is: -139.932
Path: 3 1 -1 -1 -1 
Total cost: -139.932
V from As: 4.97969 5.97969 6.97969 7.97969 8.31302 8.64635 8.97969 8.64635 8.31302 7.97969 7.64635 7.31302 6.97969 6.64635 6.31302 5.97969
S from Astar: 0 1.82656 3.98646 6.47969 9.19514 12.0217 14.9594 17.897 20.7236 23.4391 26.0434 28.5366 30.9187 33.1897 35.3496 37.3984 
X from Astar: -6.82624 -4.99968 -2.83978 -0.346556 2.36889 5.19546 8.13313 11.0708 13.8974 16.6128 19.2172 21.7104 24.0925 26.3635 28.5234 30.5722 
Y from Astar: 0 0 0 0 0 0 0 0 0 0 0 0 0 0 0 0 
0
X from QP: -6.82624 -5.01033 -2.95828 -0.6487 1.8974 4.63239 7.4932 10.4124 13.3292 16.1917 18.959 21.6043 24.1116 26.4727 28.6844 30.7466 
Y from QP: 0 0 0 0 0 0 0 0 0 0 0 0 0 0 0 0 
VX from QP: 4.97969 4.9808 4.98192 4.98303 4.98415 4.98526 4.98638 4.98749 4.98861 4.98972 4.99083 4.99194 4.99305 4.99416 4.99527 4.99638 
VY from QP: 0 0 0 0 0 0 0 0 0 0 0 0 0 0 0 0 
Now x by QP is: -6.31233
Now y by QP is: 0
Now vx by QP is: 5.2904
Now vy by QP is: 0
1
X from QP: -6.82624 -4.99524 -2.92523 -0.601539 1.95208 4.68764 7.54332 10.4537 13.3597 16.2111 18.9686 21.606 24.1078 26.466 28.6776 30.7425 
Y from QP: 0 0 0 0 0 0 0 0 0 0 0 0 0 0 0 0 
VX from QP: 4.97969 4.98095 4.98221 4.98347 4.98474 4.986 4.98726 4.98852 4.98978 4.99103 4.99229 4.99355 4.9948 4.99606 4.99731 4.99857 
VY from QP: 0 0 0 0 0 0 0 0 0 0 0 0 0 0 0 0 
0,1,1000,car, x: -6.31233, y: 0, vx: 5.2904, vy: 0, psi_rad: 0,4.67,1.74
1  s_f 13.25  s_b 19.39  t_i 3.1  t_o 5
The formal decision is: 00001 namely is: 1
Final decision is: 00001
The corresponding cost is: -132.962
The cost of the formal decision is: -132.962
Path: 3 1 -2 -1 -1 
Total cost: -132.962
V from As: 5.2904 6.2904 7.2904 8.2904 8.62373 8.95706 9.2904 8.62373 7.95706 7.2904 6.95706 6.62373 6.2904 5.95706 5.62373 5.2904
S from Astar: 0 1.93013 4.1936 6.7904 9.60942 12.5396 15.5808 18.5665 21.3299 23.8712 26.2458 28.5092 30.6616 32.7028 34.633 36.452 
X from Astar: -6.31233 -4.3822 -2.11873 0.478067 3.29709 6.22722 9.26846 12.2542 15.0176 17.5589 19.9334 22.1969 24.3493 26.3905 28.3206 30.1397 
Y from Astar: 0 0 0 0 0 0 0 0 0 0 0 0 0 0 0 0 
0
X from QP: -6.31233 -4.3903 -2.23182 0.178784 2.81259 5.61307 8.50859 11.4247 14.2964 17.0702 19.7059 22.1792 24.4777 26.5964 28.534 30.2911 
Y from QP: 0 0 0 0 0 0 0 0 0 0 0 0 0 0 0 0 
VX from QP: 5.2904 5.29154 5.29268 5.29382 5.29495 5.29609 5.29723 5.29837 5.2995 5.30064 5.30177 5.30291 5.30404 5.30518 5.30631 5.30744 
VY from QP: 0 0 0 0 0 0 0 0 0 0 0 0 0 0 0 0 
Now x by QP is: -5.76703
Now y by QP is: 0
Now vx by QP is: 5.60703
Now vy by QP is: 0
1
X from QP: -6.31233 -4.37499 -2.19829 0.226628 2.86806 5.66913 8.55944 11.4665 14.3273 17.0899 19.7156 22.1809 24.4738 26.5896 28.5271 30.2869 
Y from QP: 0 0 0 0 0 0 0 0 0 0 0 0 0 0 0 0 
VX from QP: 5.2904 5.29169 5.29297 5.29426 5.29555 5.29684 5.29812 5.29941 5.30069 5.30197 5.30326 5.30454 5.30582 5.3071 5.30838 5.30966 
VY from QP: 0 0 0 0 0 0 0 0 0 0 0 0 0 0 0 0 
0,1,1100,car, x: -5.76703, y: 0, vx: 5.60703, vy: 0, psi_rad: 0,4.67,1.74
1  s_f 12.7  s_b 18.84  t_i 3  t_o 5
The formal decision is: 00001 namely is: 1
Final decision is: 00001
The corresponding cost is: -131.448
The cost of the formal decision is: -131.448
Path: 3 0 0 -1 -1 
Total cost: -131.448
V from As: 5.60703 6.60703 7.60703 8.60703 8.60703 8.60703 8.60703 8.60703 8.60703 8.60703 8.2737 7.94037 7.60703 7.2737 6.94037 6.60703
S from Astar: 0 2.03568 4.40469 7.10703 9.97605 12.8451 15.7141 18.5831 21.4521 24.3211 27.1346 29.8369 32.4281 34.9083 37.2773 39.5352 
X from Astar: -5.76703 -3.73135 -1.36234 1.34 4.20901 7.07803 9.94704 12.816 15.6851 18.5541 21.3675 24.0699 26.6611 29.1412 31.5102 33.7681 
Y from Astar: 0 0 0 0 0 0 0 0 0 0 0 0 0 0 0 0 
0
X from QP: -5.76703 -3.75652 -1.53376 0.918213 3.57881 6.40559 9.34388 12.3362 15.3318 18.2876 21.1697 23.9551 26.6291 29.1839 31.6163 33.9258 
Y from QP: 0 0 0 0 0 0 0 0 0 0 0 0 0 0 0 0 
VX from QP: 5.60703 5.60805 5.60907 5.61008 5.6111 5.61211 5.61312 5.61414 5.61515 5.61616 5.61717 5.61818 5.61919 5.6202 5.62121 5.62222 
VY from QP: 0 0 0 0 0 0 0 0 0 0 0 0 0 0 0 0 
Now x by QP is: -5.19184
Now y by QP is: 0
Now vx by QP is: 5.88934
Now vy by QP is: 0
1
X from QP: -5.76703 -3.74095 -1.49968 0.966854 3.6352 6.46258 9.39557 12.3787 15.3632 18.3076 21.1796 23.9568 26.6252 29.177 31.6092 33.9216 
Y from QP: 0 0 0 0 0 0 0 0 0 0 0 0 0 0 0 0 
VX from QP: 5.60703 5.6082 5.60937 5.61054 5.6117 5.61287 5.61403 5.61519 5.61636 5.61752 5.61868 5.61984 5.621 5.62216 5.62332 5.62448 
VY from QP: 0 0 0 0 0 0 0 0 0 0 0 0 0 0 0 0 
0,1,1200,car, x: -5.19184, y: 0, vx: 5.88934, vy: 0, psi_rad: 0,4.67,1.74
1  s_f 12.13  s_b 18.27  t_i 2.9  t_o 5
The formal decision is: 00001 namely is: 1
Final decision is: 00001
The corresponding cost is: -148.25
The cost of the formal decision is: -148.25
Path: 2 1 0 -2 -1 
Total cost: -148.25
V from As: 5.88934 6.55601 7.22268 7.88934 8.22268 8.55601 8.88934 8.88934 8.88934 8.88934 8.22268 7.55601 6.88934 6.55601 6.22268 5.88934
S from Astar: 0 2.07423 4.37067 6.88934 9.57468 12.3711 15.2787 18.2418 21.2049 24.168 27.02 29.6498 32.0574 34.2983 36.428 38.4467 
X from Astar: -5.19184 -3.11761 -0.821165 1.6975 4.38284 7.17929 10.0868 13.05 16.0131 18.9762 21.8282 24.458 26.8655 29.1064 31.2362 33.2549 
Y from Astar: 0 0 0 0 0 0 0 0 0 0 0 0 0 0 0 0 
0
X from QP: -5.19184 -3.11783 -0.872263 1.56556 4.18605 6.95858 9.83868 12.775 15.7161 18.6142 21.4284 24.1283 26.693 29.1099 31.374 33.4842 
Y from QP: 0 0 0 0 0 0 0 0 0 0 0 0 0 0 0 0 
VX from QP: 5.88934 5.89013 5.89092 5.89171 5.89249 5.89328 5.89407 5.89485 5.89564 5.89642 5.89721 5.89799 5.89878 5.89956 5.90034 5.90113 
VY from QP: 0 0 0 0 0 0 0 0 0 0 0 0 0 0 0 0 
Now x by QP is: -4.59163
Now y by QP is: 0
Now vx by QP is: 6.10925
Now vy by QP is: 0
1
X from QP: -5.19184 -3.10377 -0.841465 1.60952 4.23701 7.01008 9.88539 12.8134 15.7445 18.6324 21.4373 24.1298 26.6894 29.1037 31.3677 33.4803 
Y from QP: 0 0 0 0 0 0 0 0 0 0 0 0 0 0 0 0 
VX from QP: 5.88934 5.89027 5.89119 5.89212 5.89304 5.89396 5.89488 5.89581 5.89673 5.89765 5.89857 5.89949 5.90041 5.90133 5.90225 5.90316 
VY from QP: 0 0 0 0 0 0 0 0 0 0 0 0 0 0 0 0 
0,1,1300,car, x: -4.59163, y: 0, vx: 6.10925, vy: 0, psi_rad: 0,4.67,1.74
1  s_f 11.53  s_b 17.67  t_i 2.8  t_o 5
The formal decision is: 00001 namely is: 1
Final decision is: 00001
The corresponding cost is: -158.915
The cost of the formal decision is: -158.915
Path: 2 1 -1 -1 -1 
Total cost: -158.915
V from As: 6.10925 6.77592 7.44259 8.10925 8.44259 8.77592 9.10925 8.77592 8.44259 8.10925 7.77592 7.44259 7.10925 6.77592 6.44259 6.10925
S from Astar: 0 2.14753 4.51728 7.10925 9.86789 12.7376 15.7185 18.6994 21.5691 24.3278 26.9753 29.5117 31.937 34.2512 36.4543 38.5463 
X from Astar: -4.59163 -2.4441 -0.0743505 2.51762 5.27626 8.14601 11.1269 14.1077 16.9775 19.7361 22.3837 24.9201 27.3454 29.6596 31.8627 33.9546 
Y from Astar: 0 0 0 0 0 0 0 0 0 0 0 0 0 0 0 0 
0
X from QP: -4.59163 -2.44501 -0.130986 2.3661 5.03128 7.82939 10.7132 13.6313 16.5362 19.3863 22.1482 24.7996 27.3267 29.7222 31.9835 34.1102 
Y from QP: 0 0 0 0 0 0 0 0 0 0 0 0 0 0 0 0 
VX from QP: 6.10925 6.11004 6.11083 6.11162 6.1124 6.11319 6.11398 6.11476 6.11555 6.11633 6.11712 6.1179 6.11868 6.11947 6.12025 6.12103 
VY from QP: 0 0 0 0 0 0 0 0 0 0 0 0 0 0 0 0 
Now x by QP is: -3.96945
Now y by QP is: 0
Now vx by QP is: 6.32856
Now vy by QP is: 0
1
X from QP: -4.59163 -2.43383 -0.106496 2.40105 5.0718 7.87034 10.7503 13.6619 16.5588 19.4007 22.1553 24.8008 27.3238 29.7172 31.9784 34.1072 
Y from QP: 0 0 0 0 0 0 0 0 0 0 0 0 0 0 0 0 
VX from QP: 6.10925 6.11015 6.11105 6.11194 6.11284 6.11373 6.11463 6.11552 6.11641 6.11731 6.1182 6.11909 6.11998 6.12087 6.12176 6.12265 
VY from QP: 0 0 0 0 0 0 0 0 0 0 0 0 0 0 0 0 
0,1,1400,car, x: -3.96945, y: 0, vx: 6.32856, vy: 0, psi_rad: 0,4.67,1.74
1  s_f 10.9  s_b 17.04  t_i 2.7  t_o 5
The formal decision is: 00001 namely is: 1
Final decision is: 00001
The corresponding cost is: -156.318
The cost of the formal decision is: -156.318
Path: 2 1 -2 -1 -1 
Total cost: -156.318
V from As: 6.32856 6.99523 7.66189 8.32856 8.66189 8.99523 9.32856 8.66189 7.99523 7.32856 6.99523 6.66189 6.32856 5.99523 5.66189 5.32856
S from Astar: 0 2.22063 4.66348 7.32856 10.1603 13.1032 16.1571 19.1555 21.9317 24.4857 26.873 29.1492 31.3142 33.3682 35.3111 37.1428 
X from Astar: -3.96945 -1.74882 0.694029 3.3591 6.19085 9.1337 12.1877 15.1861 17.9623 20.5162 22.9035 25.1797 27.3448 29.3987 31.3416 33.1733 
Y from Astar: 0 0 0 0 0 0 0 0 0 0 0 0 0 0 0 0 
0
X from QP: -3.96945 -1.74718 0.642801 3.21045 5.93286 8.76599 11.654 14.5386 17.368 20.0988 22.6987 25.1476 27.4355 29.5581 31.5148 33.3059 
Y from QP: 0 0 0 0 0 0 0 0 0 0 0 0 0 0 0 0 
VX from QP: 6.32856 6.32937 6.33018 6.33099 6.3318 6.33261 6.33342 6.33423 6.33504 6.33585 6.33665 6.33746 6.33827 6.33907 6.33988 6.34069 
VY from QP: 0 0 0 0 0 0 0 0 0 0 0 0 0 0 0 0 
Now x by QP is: -3.32503
Now y by QP is: 0
Now vx by QP is: 6.55379
Now vy by QP is: 0
1
X from QP: -3.96945 -1.73632 0.666586 3.24439 5.97221 8.80576 11.6901 14.5683 17.3899 20.1128 22.7055 25.1488 27.4327 29.5533 31.5099 33.3029 
Y from QP: 0 0 0 0 0 0 0 0 0 0 0 0 0 0 0 0 
VX from QP: 6.32856 6.32948 6.33039 6.33131 6.33222 6.33314 6.33405 6.33497 6.33588 6.33679 6.33771 6.33862 6.33953 6.34044 6.34135 6.34226 
VY from QP: 0 0 0 0 0 0 0 0 0 0 0 0 0 0 0 0 
0,1,1500,car, x: -3.32503, y: 0, vx: 6.55379, vy: 0, psi_rad: 0,4.67,1.74
1  s_f 10.26  s_b 16.4  t_i 2.6  t_o 5
The formal decision is: 00001 namely is: 1
Final decision is: 00001
The corresponding cost is: -146.315
The cost of the formal decision is: -146.315
Path: 2 1 -2 -1 -1 
Total cost: -146.315
V from As: 6.55379 7.22046 7.88712 8.55379 8.88712 9.22046 9.55379 8.88712 8.22046 7.55379 7.22046 6.88712 6.55379 6.22046 5.88712 5.55379
S from Astar: 0 2.29571 4.81364 7.55379 10.4606 13.4785 16.6076 19.6811 22.5323 25.1614 27.6237 29.975 32.2152 34.3442 36.3621 38.269 
X from Astar: -3.32503 -1.02932 1.48861 4.22876 7.13558 10.1535 13.2826 16.356 19.2073 21.8363 24.2987 26.65 28.8901 31.0192 33.0371 34.9439 
Y from Astar: 0 0 0 0 0 0 0 0 0 0 0 0 0 0 0 0 
0
X from QP: -3.32503 -1.02768 1.43738 4.0801 6.87759 9.7858 12.7489 15.7086 18.613 21.419 24.0938 26.6179 28.9808 31.1786 33.2103 35.0765 
Y from QP: 0 0 0 0 0 0 0 0 0 0 0 0 0 0 0 0 
VX from QP: 6.55379 6.5546 6.55541 6.55622 6.55703 6.55784 6.55865 6.55946 6.56027 6.56108 6.56189 6.56269 6.5635 6.56431 6.56511 6.56592 
VY from QP: 0 0 0 0 0 0 0 0 0 0 0 0 0 0 0 0 
Now x by QP is: -2.65809
Now y by QP is: 0
Now vx by QP is: 6.77902
Now vy by QP is: 0
1
X from QP: -3.32503 -1.01662 1.46161 4.11468 6.91768 9.82632 12.7857 15.7388 18.6353 21.4332 24.1009 26.6191 28.978 31.1736 33.2053 35.0735 
Y from QP: 0 0 0 0 0 0 0 0 0 0 0 0 0 0 0 0 
VX from QP: 6.55379 6.55471 6.55563 6.55655 6.55746 6.55838 6.5593 6.56021 6.56113 6.56204 6.56296 6.56387 6.56479 6.5657 6.56661 6.56752 
VY from QP: 0 0 0 0 0 0 0 0 0 0 0 0 0 0 0 0 
0,1,1600,car, x: -2.65809, y: 0, vx: 6.77902, vy: 0, psi_rad: 0,4.67,1.74
1  s_f 9.59  s_b 15.73  t_i 2.5  t_o 5
The formal decision is: 00001 namely is: 1
Final decision is: 00001
The corresponding cost is: -168.363
The cost of the formal decision is: -168.363
Path: 2 0 -1 -1 -1 
Total cost: -168.363
V from As: 6.77902 7.44569 8.11236 8.77902 8.77902 8.77902 8.77902 8.44569 8.11236 7.77902 7.44569 7.11236 6.77902 6.44569 6.11236 5.77902
S from Astar: 0 2.37079 4.96379 7.77902 10.7054 13.6317 16.558 19.4288 22.1885 24.8371 27.3745 29.8009 32.1161 34.3202 36.4132 38.3951 
X from Astar: -2.65809 -0.287303 2.30571 5.12094 8.04728 10.9736 13.9 16.7707 19.5304 22.179 24.7164 27.1428 29.458 31.6621 33.7551 35.737 
Y from Astar: 0 0 0 0 0 0 0 0 0 0 0 0 0 0 0 0 
0
X from QP: -2.65809 -0.300177 2.20155 4.85263 7.63057 10.4965 13.4031 16.3018 19.151 21.9162 24.5719 27.102 29.4976 31.755 33.8733 35.8529 
Y from QP: 0 0 0 0 0 0 0 0 0 0 0 0 0 0 0 0 
VX from QP: 6.77902 6.77973 6.78044 6.78115 6.78186 6.78257 6.78328 6.78399 6.7847 6.7854 6.78611 6.78682 6.78753 6.78823 6.78894 6.78964 
VY from QP: 0 0 0 0 0 0 0 0 0 0 0 0 0 0 0 0 
Now x by QP is: -1.97007
Now y by QP is: 0
Now vx by QP is: 6.97585
Now vy by QP is: 0
1
X from QP: -2.65809 -0.28909 2.22583 4.88727 7.67074 10.5371 13.4399 16.3321 19.1733 21.9305 24.579 27.1032 29.4948 31.7501 33.8683 35.8498 
Y from QP: 0 0 0 0 0 0 0 0 0 0 0 0 0 0 0 0 
VX from QP: 6.77902 6.77984 6.78066 6.78148 6.78229 6.78311 6.78393 6.78474 6.78556 6.78637 6.78719 6.788 6.78881 6.78963 6.79044 6.79125 
VY from QP: 0 0 0 0 0 0 0 0 0 0 0 0 0 0 0 0 
0,1,1700,car, x: -1.97007, y: 0, vx: 6.97585, vy: 0, psi_rad: 0,4.67,1.74
1  s_f 8.91  s_b 15.05  t_i 2.4  t_o 5
The formal decision is: 00001 namely is: 1
Final decision is: 00001
The corresponding cost is: -165.06
The cost of the formal decision is: -165.06
Path: 2 0 -2 -1 0 
Total cost: -165.06
V from As: 6.97585 7.64252 8.30918 8.97585 8.97585 8.97585 8.97585 8.30918 7.64252 6.97585 6.64252 6.30918 5.97585 5.97585 5.97585 5.97585
S from Astar: 0 2.43639 5.09501 7.97585 10.9678 13.9598 16.9517 19.8325 22.4912 24.9276 27.1973 29.3559 31.4034 33.3954 35.3873 37.3793 
X from Astar: -1.97007 0.466323 3.12494 6.00578 8.99773 11.9897 14.9816 17.8625 20.5211 22.9575 25.2272 27.3858 29.4333 31.4253 33.4172 35.4092 
Y from Astar: 0 0 0 0 0 0 0 0 0 0 0 0 0 0 0 0 
0
X from QP: -1.97007 0.455174 3.02298 5.73269 8.55388 11.4395 14.3348 17.1867 19.9525 22.6002 25.1092 27.4706 29.6831 31.7495 33.6718 35.4515 
Y from QP: 0 0 0 0 0 0 0 0 0 0 0 0 0 0 0 0 
VX from QP: 6.97585 6.97658 6.97731 6.97804 6.97876 6.97949 6.98022 6.98094 6.98167 6.98239 6.98312 6.98384 6.98457 6.98529 6.98601 6.98674 
VY from QP: 0 0 0 0 0 0 0 0 0 0 0 0 0 0 0 0 
Now x by QP is: -1.26214
Now y by QP is: 0
Now vx by QP is: 7.17705
Now vy by QP is: 0
1
X from QP: -1.97007 0.464972 3.04444 5.76331 8.58938 11.4753 14.3673 17.2135 19.9723 22.6129 25.1154 27.4716 29.6806 31.7451 33.6674 35.4488 
Y from QP: 0 0 0 0 0 0 0 0 0 0 0 0 0 0 0 0 
VX from QP: 6.97585 6.97668 6.9775 6.97832 6.97914 6.97997 6.98079 6.98161 6.98243 6.98325 6.98407 6.98489 6.98571 6.98652 6.98734 6.98816 
VY from QP: 0 0 0 0 0 0 0 0 0 0 0 0 0 0 0 0 
0,1,1800,car, x: -1.26214, y: 0, vx: 7.17705, vy: 0, psi_rad: 0,4.67,1.74
1  s_f 8.2  s_b 14.34  t_i 2.3  t_o 5
The formal decision is: 00001 namely is: 1
Final decision is: 00001
The corresponding cost is: -156.407
The cost of the formal decision is: -156.407
Path: 2 0 -2 -1 -1 
Total cost: -156.407
V from As: 7.17705 7.84372 8.51038 9.17705 9.17705 9.17705 9.17705 8.51038 7.84372 7.17705 6.84372 6.51038 6.17705 5.84372 5.51038 5.17705
S from Astar: 0 2.50346 5.22914 8.17705 11.2361 14.2951 17.3541 20.302 23.0277 25.5311 27.8679 30.0936 32.2082 34.2117 36.104 37.8852 
X from Astar: -1.26214 1.24132 3.96701 6.91491 9.97393 13.0329 16.092 19.0399 21.7655 24.269 26.6058 28.8315 30.9461 32.9495 34.8419 36.6231 
Y from Astar: 0 0 0 0 0 0 0 0 0 0 0 0 0 0 0 0 
0
X from QP: -1.26214 1.231 3.86826 6.64947 9.54422 12.5048 15.4752 18.3999 21.233 23.9387 26.4919 28.8791 31.095 33.1392 35.0124 36.716 
Y from QP: 0 0 0 0 0 0 0 0 0 0 0 0 0 0 0 0 
VX from QP: 7.17705 7.17778 7.17852 7.17925 7.17998 7.18071 7.18145 7.18218 7.18291 7.18364 7.18437 7.1851 7.18583 7.18656 7.18729 7.18802 
VY from QP: 0 0 0 0 0 0 0 0 0 0 0 0 0 0 0 0 
Now x by QP is: -0.534003
Now y by QP is: 0
Now vx by QP is: 7.3798
Now vy by QP is: 0
1
X from QP: -1.26214 1.24084 3.88981 6.68022 9.57987 12.5408 15.5078 18.4268 21.2529 23.9514 26.4981 28.8801 31.0925 33.1348 35.008 36.7132 
Y from QP: 0 0 0 0 0 0 0 0 0 0 0 0 0 0 0 0 
VX from QP: 7.17705 7.17788 7.17871 7.17954 7.18036 7.18119 7.18202 7.18285 7.18367 7.1845 7.18532 7.18615 7.18697 7.1878 7.18862 7.18944 
VY from QP: 0 0 0 0 0 0 0 0 0 0 0 0 0 0 0 0 
0,1,1900,car, x: -0.534003, y: 0, vx: 7.3798, vy: 0, psi_rad: 0,4.67,1.74
1  s_f 7.47  s_b 13.61  t_i 2.2  t_o 5
The formal decision is: 00001 namely is: 1
Final decision is: 00001
The corresponding cost is: -172.606
The cost of the formal decision is: -172.606
Path: 2 -1 -2 -1 0 
Total cost: -172.606
V from As: 7.3798 8.04647 8.71314 9.3798 9.04647 8.71314 8.3798 7.71314 7.04647 6.3798 6.04647 5.71314 5.3798 5.3798 5.3798 5.3798
S from Astar: 0 2.57105 5.36431 8.3798 11.4508 14.4108 17.2596 19.9418 22.4017 24.6394 26.7105 28.6704 30.5192 32.3125 34.1057 35.899 
X from Astar: -0.534003 2.03704 4.83031 7.8458 10.9168 13.8768 16.7256 19.4078 21.8677 24.1054 26.1765 28.1364 29.9852 31.7785 33.5717 35.365 
Y from Astar: 0 0 0 0 0 0 0 0 0 0 0 0 0 0 0 0 
0
X from QP: -0.534003 2.01393 4.68083 7.45592 10.3013 13.1661 15.9956 18.7395 21.3609 23.8353 26.1494 28.3008 30.2933 32.1329 33.8237 35.3676 
Y from QP: 0 0 0 0 0 0 0 0 0 0 0 0 0 0 0 0 
VX from QP: 7.3798 7.38045 7.3811 7.38175 7.3824 7.38305 7.3837 7.38435 7.385 7.38565 7.3863 7.38694 7.38759 7.38824 7.38888 7.38953 
VY from QP: 0 0 0 0 0 0 0 0 0 0 0 0 0 0 0 0 
Now x by QP is: 0.21319
Now y by QP is: 0
Now vx by QP is: 7.55852
Now vy by QP is: 0
1
X from QP: -0.534003 2.02384 4.70255 7.48691 10.3372 13.2024 16.0285 18.7666 21.3809 23.848 26.1557 28.3019 30.2907 32.1285 33.8192 35.3649 
Y from QP: 0 0 0 0 0 0 0 0 0 0 0 0 0 0 0 0 
VX from QP: 7.3798 7.38055 7.3813 7.38204 7.38279 7.38354 7.38428 7.38503 7.38577 7.38651 7.38726 7.388 7.38874 7.38948 7.39022 7.39097 
VY from QP: 0 0 0 0 0 0 0 0 0 0 0 0 0 0 0 0 
0,2,2000,car, x: 0.21319, y: 0, vx: 7.55852, vy: 0, psi_rad: 0,4.67,1.74
1  s_f 6.72  s_b 12.86  t_i 2.1  t_o 5
The formal decision is: 00001 namely is: 1
Final decision is: 00001
The corresponding cost is: -175.451
The cost of the formal decision is: -175.451
Path: 2 -2 -1 -1 0 
Total cost: -175.451
V from As: 7.55852 8.22519 8.89186 9.55852 8.89186 8.22519 7.55852 7.22519 6.89186 6.55852 6.22519 5.89186 5.55852 5.55852 5.55852 5.55852
S from Astar: 0 2.63062 5.48346 8.55852 11.6336 14.4864 17.117 19.581 21.9338 24.1756 26.3062 28.3257 30.2341 32.0869 33.9398 35.7926 
X from Astar: 0.21319 2.84381 5.69665 8.77171 11.8468 14.6996 17.3302 19.7942 22.147 24.3888 26.5194 28.5389 30.4473 32.3001 34.153 36.0058 
Y from Astar: 0 0 0 0 0 0 0 0 0 0 0 0 0 0 0 0 
0
X from QP: 0.21319 2.80618 5.49425 8.26219 11.0725 13.8796 16.637 19.3045 21.8551 24.2732 26.5527 28.6946 30.7043 32.5881 34.3499 35.9916 
Y from QP: 0 0 0 0 0 0 0 0 0 0 0 0 0 0 0 0 
VX from QP: 7.55852 7.55907 7.55962 7.56017 7.56072 7.56127 7.56182 7.56237 7.56291 7.56346 7.56401 7.56456 7.5651 7.56565 7.56619 7.56674 
VY from QP: 0 0 0 0 0 0 0 0 0 0 0 0 0 0 0 0 
Now x by QP is: 0.976804
Now y by QP is: 0
Now vx by QP is: 7.70884
Now vy by QP is: 0
1
X from QP: 0.21319 2.81498 5.51351 8.28968 11.1044 13.9118 16.6662 19.3285 21.8728 24.2846 26.5583 28.6955 30.702 32.5842 34.3459 35.9892 
Y from QP: 0 0 0 0 0 0 0 0 0 0 0 0 0 0 0 0 
VX from QP: 7.55852 7.55916 7.55979 7.56043 7.56106 7.5617 7.56233 7.56296 7.5636 7.56423 7.56486 7.56549 7.56612 7.56675 7.56738 7.56801 
VY from QP: 0 0 0 0 0 0 0 0 0 0 0 0 0 0 0 0 
0,2,2100,car, x: 0.976804, y: 0, vx: 7.70884, vy: 0, psi_rad: 0,4.67,1.74
1  s_f 5.96  s_b 12.1  t_i 2  t_o 5
The formal decision is: 00001 namely is: 1
Final decision is: 00001
The corresponding cost is: -169.64
The cost of the formal decision is: -169.64
Path: 2 -2 -2 -1 0 
Total cost: -169.64
V from As: 7.70884 8.3755 9.04217 9.70884 9.04217 8.3755 7.70884 7.04217 6.3755 5.70884 5.3755 5.04217 4.70884 4.70884 4.70884 4.70884
S from Astar: 0 2.68072 5.58367 8.70884 11.834 14.737 17.4177 19.8762 22.1125 24.1265 25.9739 27.7102 29.3353 30.905 32.4746 34.0442 
X from Astar: 0.976804 3.65753 6.56047 9.68564 12.8108 15.7138 18.3945 20.853 23.0893 25.1033 26.9507 28.687 30.3122 31.8818 33.4514 35.021 
Y from Astar: 0 0 0 0 0 0 0 0 0 0 0 0 0 0 0 0 
0
X from QP: 0.976804 3.62245 6.36348 9.17898 12.0235 14.8426 17.5813 20.1922 22.6443 24.9203 27.0146 28.931 30.6785 32.2665 33.7007 34.9838 
Y from QP: 0 0 0 0 0 0 0 0 0 0 0 0 0 0 0 0 
VX from QP: 7.70884 7.70941 7.70998 7.71056 7.71113 7.7117 7.71227 7.71284 7.71342 7.71399 7.71456 7.71513 7.7157 7.71626 7.71683 7.7174 
VY from QP: 0 0 0 0 0 0 0 0 0 0 0 0 0 0 0 0 
Now x by QP is: 1.75576
Now y by QP is: 0
Now vx by QP is: 7.86508
Now vy by QP is: 0
1
X from QP: 0.976804 3.62985 6.37969 9.20211 12.0503 14.8697 17.6059 20.2124 22.6592 24.9298 27.0193 28.9318 30.6766 32.2632 33.6974 34.9818 
Y from QP: 0 0 0 0 0 0 0 0 0 0 0 0 0 0 0 0 
VX from QP: 7.70884 7.70948 7.71013 7.71077 7.71142 7.71206 7.7127 7.71335 7.71399 7.71463 7.71527 7.71591 7.71656 7.7172 7.71784 7.71847 
VY from QP: 0 0 0 0 0 0 0 0 0 0 0 0 0 0 0 0 
0,2,2200,car, x: 1.75576, y: 0, vx: 7.86508, vy: 0, psi_rad: 0,4.67,1.74
1  s_f 5.18  s_b 11.32  t_i 1.9  t_o 5
The formal decision is: 00001 namely is: 1
Final decision is: 00001
The corresponding cost is: -184.846
The cost of the formal decision is: -184.846
Path: 1 0 -2 -1 0 
Total cost: -184.846
V from As: 7.86508 8.19841 8.53174 8.86508 8.86508 8.86508 8.86508 8.19841 7.53174 6.86508 6.53174 6.19841 5.86508 5.86508 5.86508 5.86508
S from Astar: 0 2.67725 5.46561 8.36508 11.3201 14.2751 17.2302 20.0741 22.6958 25.0952 27.328 29.4497 31.4603 33.4153 35.3704 37.3254 
X from Astar: 1.75576 4.43301 7.22137 10.1208 13.0759 16.0309 18.9859 21.8298 24.4515 26.851 29.0838 31.2055 33.2161 35.1711 37.1261 39.0812 
Y from Astar: 0 0 0 0 0 0 0 0 0 0 0 0 0 0 0 0 
0
X from QP: 1.75576 4.43161 7.18127 9.99838 12.8585 15.7271 18.5653 21.3361 24.0098 26.565 28.9885 31.2758 33.4281 35.4488 37.3405 39.1047 
Y from QP: 0 0 0 0 0 0 0 0 0 0 0 0 0 0 0 0 
VX from QP: 7.86508 7.86548 7.86588 7.86628 7.86667 7.86707 7.86747 7.86787 7.86827 7.86867 7.86906 7.86946 7.86986 7.87025 7.87065 7.87105 
VY from QP: 0 0 0 0 0 0 0 0 0 0 0 0 0 0 0 0 
Now x by QP is: 2.54793
Now y by QP is: 0
Now vx by QP is: 7.97487
Now vy by QP is: 0
1
X from QP: 1.75576 4.43911 7.19771 10.0218 12.8857 15.7546 18.5903 21.3566 24.025 26.5747 28.9933 31.2766 33.4262 35.4454 37.3371 39.1026 
Y from QP: 0 0 0 0 0 0 0 0 0 0 0 0 0 0 0 0 
VX from QP: 7.86508 7.86555 7.86602 7.86649 7.86697 7.86744 7.86791 7.86838 7.86885 7.86932 7.86979 7.87026 7.87073 7.8712 7.87167 7.87213 
VY from QP: 0 0 0 0 0 0 0 0 0 0 0 0 0 0 0 0 
0,2,2300,car, x: 2.54793, y: 0, vx: 7.97487, vy: 0, psi_rad: 0,4.67,1.74
1  s_f 4.39  s_b 10.53  t_i 1.8  t_o 5
The formal decision is: 00001 namely is: 1
Final decision is: 00001
The corresponding cost is: -180.103
The cost of the formal decision is: -180.103
Path: 1 0 -2 -1 0 
Total cost: -180.103
V from As: 7.97487 8.3082 8.64154 8.97487 8.97487 8.97487 8.97487 8.3082 7.64154 6.97487 6.64154 6.3082 5.97487 5.97487 5.97487 5.97487
S from Astar: 0 2.71385 5.5388 8.47487 11.4665 14.4581 17.4497 20.3303 22.9885 25.4246 27.694 29.8523 31.8995 33.8911 35.8827 37.8743 
X from Astar: 2.54793 5.26178 8.08673 11.0228 14.0144 17.006 19.9977 22.8782 25.5365 27.9725 30.2419 32.4002 34.4474 36.439 38.4307 40.4223 
Y from Astar: 0 0 0 0 0 0 0 0 0 0 0 0 0 0 0 0 
0
X from QP: 2.54793 5.26037 8.04663 10.9003 13.7971 16.7023 19.5771 22.3844 25.0948 27.6866 30.1466 32.4705 34.6594 36.7167 38.645 40.4458 
Y from QP: 0 0 0 0 0 0 0 0 0 0 0 0 0 0 0 0 
VX from QP: 7.97487 7.97527 7.97567 7.97607 7.97647 7.97686 7.97726 7.97766 7.97806 7.97846 7.97885 7.97925 7.97965 7.98005 7.98044 7.98084 
VY from QP: 0 0 0 0 0 0 0 0 0 0 0 0 0 0 0 0 
Now x by QP is: 3.35107
Now y by QP is: 0
Now vx by QP is: 8.08466
Now vy by QP is: 0
1
X from QP: 2.54793 5.26591 8.05877 10.9177 13.8172 16.7226 19.5955 22.3996 25.1059 27.6937 30.1502 32.4711 34.658 36.7142 38.6425 40.4443 
Y from QP: 0 0 0 0 0 0 0 0 0 0 0 0 0 0 0 0 
VX from QP: 7.97487 7.97532 7.97578 7.97623 7.97668 7.97713 7.97759 7.97804 7.97849 7.97894 7.97939 7.97984 7.98029 7.98074 7.98119 7.98164 
VY from QP: 0 0 0 0 0 0 0 0 0 0 0 0 0 0 0 0 
0,2,2400,car, x: 3.35107, y: 0, vx: 8.08466, vy: 0, psi_rad: 0,4.67,1.74
1  s_f 3.58  s_b 9.72  t_i 1.7  t_o 5
The formal decision is: 00001 namely is: 1
Final decision is: 00001
The corresponding cost is: -175.408
The cost of the formal decision is: -175.408
Path: 1 0 -2 -1 -1 
Total cost: -175.408
V from As: 8.08466 8.41799 8.75133 9.08466 9.08466 9.08466 9.08466 8.41799 7.75133 7.08466 6.75133 6.41799 6.08466 5.75133 5.41799 5.08466
S from Astar: 0 2.75044 5.612 8.58466 11.6129 14.6411 17.6693 20.5864 23.2813 25.754 28.06 30.2549 32.3386 34.3113 36.1729 37.9233 
X from Astar: 3.35107 6.10152 8.96307 11.9357 14.964 17.9922 21.0204 23.9375 26.6324 29.1051 31.4111 33.6059 35.6897 37.6624 39.5239 41.2744 
Y from Astar: 0 0 0 0 0 0 0 0 0 0 0 0 0 0 0 0 
0
X from QP: 3.35107 6.10093 8.92619 11.8209 14.7608 17.7105 20.6298 23.4795 26.2267 28.8461 31.3198 33.6391 35.8009 37.8055 39.6543 41.3484 
Y from QP: 0 0 0 0 0 0 0 0 0 0 0 0 0 0 0 0 
VX from QP: 8.08466 8.08507 8.08547 8.08588 8.08628 8.08668 8.08709 8.08749 8.08789 8.0883 8.0887 8.0891 8.0895 8.08991 8.09031 8.09071 
VY from QP: 0 0 0 0 0 0 0 0 0 0 0 0 0 0 0 0 
Now x by QP is: 4.16528
Now y by QP is: 0
Now vx by QP is: 8.19601
Now vy by QP is: 0
1
X from QP: 3.35107 6.10629 8.93792 11.8377 14.7802 17.7301 20.6476 23.4941 26.2376 28.853 31.3232 33.6397 35.7995 37.8031 39.6519 41.3469 
Y from QP: 0 0 0 0 0 0 0 0 0 0 0 0 0 0 0 0 
VX from QP: 8.08466 8.08512 8.08558 8.08603 8.08649 8.08694 8.0874 8.08785 8.08831 8.08876 8.08922 8.08967 8.09013 8.09058 8.09103 8.09149 
VY from QP: 0 0 0 0 0 0 0 0 0 0 0 0 0 0 0 0 
0,2,2500,car, x: 4.16528, y: 0, vx: 8.19601, vy: 0, psi_rad: 0,4.67,1.74
1  s_f 2.77  s_b 8.91  t_i 1.6  t_o 5
The formal decision is: 00001 namely is: 1
Final decision is: 00001
The corresponding cost is: -194.752
The cost of the formal decision is: -194.752
Path: 1 -1 -2 -1 0 
Total cost: -194.752
V from As: 8.19601 8.52934 8.86268 9.19601 8.86268 8.52934 8.19601 7.52934 6.86268 6.19601 5.86268 5.52934 5.19601 5.19601 5.19601 5.19601
S from Astar: 0 2.78756 5.68623 8.69601 11.7058 14.6045 17.392 20.0129 22.4116 24.588 26.5978 28.4965 30.284 32.016 33.748 35.48 
X from Astar: 4.16528 6.95284 9.85151 12.8613 15.8711 18.7697 21.5573 24.1782 26.5769 28.7533 30.7631 32.6618 34.4493 36.1813 37.9133 39.6453 
Y from Astar: 0 0 0 0 0 0 0 0 0 0 0 0 0 0 0 0 
0
X from QP: 4.16528 6.93946 9.76389 12.622 15.482 18.3055 21.0535 23.6919 26.1969 28.5544 30.7587 32.8117 34.7196 36.4892 38.125 39.6291 
Y from QP: 0 0 0 0 0 0 0 0 0 0 0 0 0 0 0 0 
VX from QP: 8.19601 8.19633 8.19665 8.19697 8.1973 8.19762 8.19794 8.19826 8.19858 8.1989 8.19922 8.19954 8.19986 8.20018 8.2005 8.20082 
VY from QP: 0 0 0 0 0 0 0 0 0 0 0 0 0 0 0 0 
Now x by QP is: 4.9894
Now y by QP is: 0
Now vx by QP is: 8.28332
Now vy by QP is: 0
1
X from QP: 4.16528 6.94488 9.77575 12.639 15.5016 18.3253 21.0715 23.7067 26.2079 28.5614 30.7622 32.8123 34.7182 36.4868 38.1226 39.6276 
Y from QP: 0 0 0 0 0 0 0 0 0 0 0 0 0 0 0 0 
VX from QP: 8.19601 8.19638 8.19676 8.19713 8.19751 8.19788 8.19825 8.19863 8.199 8.19937 8.19974 8.20012 8.20049 8.20086 8.20123 8.2016 
VY from QP: 0 0 0 0 0 0 0 0 0 0 0 0 0 0 0 0 
0,2,2600,car, x: 4.9894, y: 0, vx: 8.28332, vy: 0, psi_rad: 0,4.67,1.74
1  s_f 1.95  s_b 8.09  t_i 1.5  t_o 5
The formal decision is: 00001 namely is: 1
Final decision is: 00001
The corresponding cost is: -200.966
The cost of the formal decision is: -200.966
Path: 1 -2 -1 -1 0 
Total cost: -200.966
V from As: 8.28332 8.61666 8.94999 9.28332 8.61666 7.94999 7.28332 6.94999 6.61666 6.28332 5.94999 5.61666 5.28332 5.28332 5.28332 5.28332
S from Astar: 0 2.81666 5.74444 8.78332 11.7667 14.5278 17.0666 19.4389 21.7 23.85 25.8889 27.8166 29.6333 31.3944 33.1555 34.9166 
X from Astar: 4.9894 7.80606 10.7338 13.7727 16.7561 19.5172 22.056 24.4283 26.6894 28.8394 30.8783 32.806 34.6227 36.3838 38.1449 39.906 
Y from Astar: 0 0 0 0 0 0 0 0 0 0 0 0 0 0 0 0 
0
X from QP: 4.9894 7.77817 10.5933 13.4138 16.2083 18.9436 21.5891 24.1205 26.5243 28.7951 30.9343 32.9473 34.8419 36.6252 38.3016 39.873 
Y from QP: 0 0 0 0 0 0 0 0 0 0 0 0 0 0 0 0 
VX from QP: 8.28332 8.28354 8.28377 8.28399 8.28421 8.28443 8.28465 8.28487 8.28509 8.28531 8.28553 8.28575 8.28597 8.28618 8.2864 8.28662 
VY from QP: 0 0 0 0 0 0 0 0 0 0 0 0 0 0 0 0 
Now x by QP is: 5.8208
Now y by QP is: 0
Now vx by QP is: 8.34223
Now vy by QP is: 0
1
X from QP: 4.9894 7.78247 10.6027 13.4272 16.2238 18.9593 21.6033 24.1322 26.5329 28.8007 30.937 32.9477 34.8408 36.6233 38.2997 39.8719 
Y from QP: 0 0 0 0 0 0 0 0 0 0 0 0 0 0 0 0 
VX from QP: 8.28332 8.28359 8.28385 8.28411 8.28437 8.28464 8.2849 8.28516 8.28542 8.28568 8.28594 8.2862 8.28646 8.28672 8.28698 8.28724 
VY from QP: 0 0 0 0 0 0 0 0 0 0 0 0 0 0 0 0 
0,2,2700,car, x: 5.8208, y: 0, vx: 8.34223, vy: 0, psi_rad: 0,4.67,1.74
1  s_f 1.11  s_b 7.25  t_i 1.4  t_o 4.9
The formal decision is: 00001 namely is: 1
Final decision is: 00001
The corresponding cost is: -198.778
The cost of the formal decision is: -198.778
Path: 1 -2 -1 -1 0 
Total cost: -198.778
V from As: 8.34223 8.67556 9.0089 9.34223 8.67556 8.0089 7.34223 7.0089 6.67556 6.34223 6.0089 5.67556 5.34223 5.34223 5.34223 5.34223
S from Astar: 0 2.8363 5.78371 8.84223 11.8452 14.6259 17.1845 19.5763 21.8571 24.0267 26.0852 28.0326 29.8689 31.6497 33.4304 35.2112 
X from Astar: 5.8208 8.6571 11.6045 14.663 17.666 20.4467 23.0053 25.3971 27.6779 29.8475 31.906 33.8534 35.6897 37.4705 39.2512 41.032 
Y from Astar: 0 0 0 0 0 0 0 0 0 0 0 0 0 0 0 0 
0
X from QP: 5.8208 8.62921 11.464 14.3041 17.1182 19.8732 22.5383 25.0894 27.5128 29.8033 31.962 33.9947 35.9089 37.7119 39.4079 40.999 
Y from QP: 0 0 0 0 0 0 0 0 0 0 0 0 0 0 0 0 
VX from QP: 8.34223 8.34245 8.34267 8.34289 8.34312 8.34334 8.34356 8.34378 8.344 8.34422 8.34444 8.34465 8.34487 8.34509 8.34531 8.34553 
VY from QP: 0 0 0 0 0 0 0 0 0 0 0 0 0 0 0 0 
Now x by QP is: 6.65809
Now y by QP is: 0
Now vx by QP is: 8.40114
Now vy by QP is: 0
1
X from QP: 5.8208 8.63211 11.4703 14.3132 17.1287 19.8838 22.5479 25.0973 27.5186 29.807 31.9639 33.995 35.9082 37.7106 39.4066 40.9982 
Y from QP: 0 0 0 0 0 0 0 0 0 0 0 0 0 0 0 0 
VX from QP: 8.34223 8.34248 8.34273 8.34298 8.34323 8.34348 8.34372 8.34397 8.34422 8.34447 8.34472 8.34496 8.34521 8.34546 8.3457 8.34595 
VY from QP: 0 0 0 0 0 0 0 0 0 0 0 0 0 0 0 0 
0,2,2800,car, x: 6.65809, y: 0, vx: 8.40114, vy: 0, psi_rad: 0,4.67,1.74
1  s_f 0.28  s_b 6.42  t_i 1.3  t_o 4.8
The formal decision is: 00001 namely is: 1
Final decision is: 00001
The corresponding cost is: -196.557
The cost of the formal decision is: -196.557
Path: 1 -2 -1 -1 0 
Total cost: -196.557
V from As: 8.40114 8.73447 9.06781 9.40114 8.73447 8.06781 7.40114 7.06781 6.73447 6.40114 6.06781 5.73447 5.40114 5.40114 5.40114 5.40114
S from Astar: 0 2.85594 5.82298 8.90114 11.9237 14.7241 17.3023 19.7138 22.0142 24.2034 26.2816 28.2486 30.1046 31.9049 33.7053 35.5057 
X from Astar: 6.65809 9.51403 12.4811 15.5592 18.5818 21.3822 23.9604 26.3719 28.6722 30.8615 32.9397 34.9067 36.7627 38.563 40.3634 42.1638 
Y from Astar: 0 0 0 0 0 0 0 0 0 0 0 0 0 0 0 0 
0
X from QP: 6.65809 9.48614 12.3405 15.2003 18.0341 20.8086 23.4934 26.0641 28.5072 30.8173 32.9957 35.048 36.9818 38.8045 40.5201 42.1308 
Y from QP: 0 0 0 0 0 0 0 0 0 0 0 0 0 0 0 0 
VX from QP: 8.40114 8.40136 8.40158 8.4018 8.40202 8.40224 8.40246 8.40268 8.4029 8.40312 8.40334 8.40356 8.40378 8.404 8.40422 8.40444 
VY from QP: 0 0 0 0 0 0 0 0 0 0 0 0 0 0 0 0 
Now x by QP is: 7.50128
Now y by QP is: 0
Now vx by QP is: 8.46005
Now vy by QP is: 0
1
X from QP: 6.65809 9.48891 12.3466 15.209 18.0441 20.8188 23.5026 26.0717 28.5127 30.8209 32.9974 35.0483 36.9811 38.8032 40.5189 42.1301 
Y from QP: 0 0 0 0 0 0 0 0 0 0 0 0 0 0 0 0 
VX from QP: 8.40114 8.40139 8.40164 8.40188 8.40213 8.40238 8.40263 8.40287 8.40312 8.40337 8.40361 8.40386 8.4041 8.40435 8.4046 8.40484 
VY from QP: 0 0 0 0 0 0 0 0 0 0 0 0 0 0 0 0 
0,2,2900,car, x: 7.50128, y: 0, vx: 8.46005, vy: 0, psi_rad: 0,4.67,1.74
1  s_f 0  s_b 5.57  t_i 1.2  t_o 4.7
The formal decision is: 00001 namely is: 1
Final decision is: 00001
The corresponding cost is: -194.3
The cost of the formal decision is: -194.3
Path: 1 -2 -1 -1 0 
Total cost: -194.3
V from As: 8.46005 8.79338 9.12672 9.46005 8.79338 8.12672 7.46005 7.12672 6.79338 6.46005 6.12672 5.79338 5.46005 5.46005 5.46005 5.46005
S from Astar: 0 2.87557 5.86225 8.96005 12.0023 14.8223 17.4201 19.8512 22.1712 24.3801 26.4779 28.4646 30.3402 32.1602 33.9802 35.8002 
X from Astar: 7.50128 10.3768 13.3635 16.4613 19.5036 22.3236 24.9214 27.3525 29.6725 31.8814 33.9792 35.9659 37.8415 39.6615 41.4815 43.3015 
Y from Astar: 0 0 0 0 0 0 0 0 0 0 0 0 0 0 0 0 
0
X from QP: 7.50128 10.349 13.223 16.1024 18.9558 21.75 24.4544 27.0448 29.5074 31.8372 34.0352 36.1072 38.0606 39.9029 41.6382 43.2685 
Y from QP: 0 0 0 0 0 0 0 0 0 0 0 0 0 0 0 0 
VX from QP: 8.46005 8.46027 8.46049 8.46071 8.46093 8.46115 8.46137 8.46159 8.46181 8.46203 8.46225 8.46247 8.46269 8.46291 8.46313 8.46335 
VY from QP: 0 0 0 0 0 0 0 0 0 0 0 0 0 0 0 0 
Now x by QP is: 8.35035
Now y by QP is: 0
Now vx by QP is: 8.51896
Now vy by QP is: 0
1
X from QP: 7.50128 10.3517 13.229 16.111 18.9658 21.7601 24.4635 27.0523 29.513 31.8408 34.037 36.1075 38.0599 39.9017 41.637 43.2678 
Y from QP: 0 0 0 0 0 0 0 0 0 0 0 0 0 0 0 0 
VX from QP: 8.46005 8.4603 8.46054 8.46079 8.46104 8.46129 8.46153 8.46178 8.46203 8.46227 8.46252 8.46277 8.46301 8.46326 8.4635 8.46375 
VY from QP: 0 0 0 0 0 0 0 0 0 0 0 0 0 0 0 0 
0,3,3000,car, x: 8.35035, y: 0, vx: 8.51896, vy: 0, psi_rad: 0,4.67,1.74
1  s_f 0  s_b 4.72  t_i 1.1  t_o 4.6
The formal decision is: 00001 namely is: 1
Final decision is: 00001
The corresponding cost is: -192.009
The cost of the formal decision is: -192.009
Path: 1 -2 -1 -1 0 
Total cost: -192.009
V from As: 8.51896 8.85229 9.18562 9.51896 8.85229 8.18562 7.51896 7.18562 6.85229 6.51896 6.18562 5.85229 5.51896 5.51896 5.51896 5.51896
S from Astar: 0 2.89521 5.90153 9.01896 12.0808 14.9205 17.5379 19.9887 22.3283 24.5569 26.6743 28.6806 30.5758 32.4155 34.2551 36.0948 
X from Astar: 8.35035 11.2456 14.2519 17.3693 20.4312 23.2708 25.8883 28.339 30.6787 32.9072 35.0247 37.031 38.9262 40.7658 42.6055 44.4451 
Y from Astar: 0 0 0 0 0 0 0 0 0 0 0 0 0 0 0 0 
0
X from QP: 8.35035 11.2177 14.1113 17.0104 19.8834 22.6972 25.4213 28.0313 30.5136 32.863 35.0807 37.1722 39.1454 41.0073 42.7622 44.4122 
Y from QP: 0 0 0 0 0 0 0 0 0 0 0 0 0 0 0 0 
VX from QP: 8.51896 8.51918 8.5194 8.51962 8.51984 8.52006 8.52028 8.5205 8.52072 8.52094 8.52116 8.52138 8.5216 8.52182 8.52204 8.52226 
VY from QP: 0 0 0 0 0 0 0 0 0 0 0 0 0 0 0 0 
Now x by QP is: 9.20532
Now y by QP is: 0
Now vx by QP is: 8.57787
Now vy by QP is: 0
1
X from QP: 8.35035 11.2204 14.1174 17.019 19.8934 22.7073 25.4304 28.0388 30.5192 32.8666 35.0824 37.1725 39.1447 41.006 42.761 44.4114 
Y from QP: 0 0 0 0 0 0 0 0 0 0 0 0 0 0 0 0 
VX from QP: 8.51896 8.51921 8.51945 8.5197 8.51995 8.5202 8.52044 8.52069 8.52094 8.52118 8.52143 8.52167 8.52192 8.52217 8.52241 8.52266 
VY from QP: 0 0 0 0 0 0 0 0 0 0 0 0 0 0 0 0 
0,3,3100,car, x: 9.20532, y: 0, vx: 8.57787, vy: 0, psi_rad: 0,4.67,1.74
1  s_f 0  s_b 3.87  t_i 1  t_o 4.5
The formal decision is: 00001 namely is: 1
Final decision is: 00001
The corresponding cost is: -189.683
The cost of the formal decision is: -189.683
Path: 1 -2 -1 -1 0 
Total cost: -189.683
V from As: 8.57787 8.9112 9.24453 9.57787 8.9112 8.24453 7.57787 7.24453 6.9112 6.57787 6.24453 5.9112 5.57787 5.57787 5.57787 5.57787
S from Astar: 0 2.91484 5.9408 9.07787 12.1594 15.0187 17.6557 20.1261 22.4854 24.7336 26.8707 28.8966 30.8115 32.6708 34.53 36.3893 
X from Astar: 9.20532 12.1202 15.1461 18.2832 21.3647 24.224 26.861 29.3314 31.6907 33.9389 36.076 38.1019 40.0168 41.8761 43.7354 45.5946 
Y from Astar: 0 0 0 0 0 0 0 0 0 0 0 0 0 0 0 0 
0
X from QP: 9.20532 12.0923 15.0056 17.9243 20.8169 23.6504 26.3941 29.0237 31.5257 33.8947 36.132 38.2432 40.236 42.1175 43.8921 45.5617 
Y from QP: 0 0 0 0 0 0 0 0 0 0 0 0 0 0 0 0 
VX from QP: 8.57787 8.57809 8.57831 8.57853 8.57875 8.57897 8.57919 8.57941 8.57963 8.57985 8.58007 8.58029 8.58051 8.58073 8.58095 8.58117 
VY from QP: 0 0 0 0 0 0 0 0 0 0 0 0 0 0 0 0 
Now x by QP is: 10.0662
Now y by QP is: 0
Now vx by QP is: 8.63677
Now vy by QP is: 0
1
X from QP: 9.20532 12.095 15.0116 17.9329 20.8269 23.6605 26.4032 29.0312 31.5312 33.8982 36.1337 38.2435 40.2353 42.1163 43.8908 45.5609 
Y from QP: 0 0 0 0 0 0 0 0 0 0 0 0 0 0 0 0 
VX from QP: 8.57787 8.57811 8.57836 8.57861 8.57886 8.5791 8.57935 8.5796 8.57984 8.58009 8.58034 8.58058 8.58083 8.58107 8.58132 8.58156 
VY from QP: 0 0 0 0 0 0 0 0 0 0 0 0 0 0 0 0 
0,3,3200,car, x: 10.0662, y: 0, vx: 8.63677, vy: 0, psi_rad: 0,4.67,1.74
1  s_f 0  s_b 3.01  t_i 0.9  t_o 4.4
The formal decision is: 00001 namely is: 1
Final decision is: 00001
The corresponding cost is: -187.322
The cost of the formal decision is: -187.322
Path: 1 -2 -1 -1 0 
Total cost: -187.322
V from As: 8.63677 8.97011 9.30344 9.63677 8.97011 8.30344 7.63677 7.30344 6.97011 6.63677 6.30344 5.97011 5.63677 5.63677 5.63677 5.63677
S from Astar: 0 2.93448 5.98007 9.13677 12.2379 15.1168 17.7735 20.2636 22.6425 24.9103 27.067 29.1126 31.0471 32.926 34.8049 36.6839 
X from Astar: 10.0662 13.0007 16.0462 19.2029 22.3041 25.183 27.8397 30.3298 32.7087 34.9765 37.1332 39.1788 41.1133 42.9922 44.8711 46.75 
Y from Astar: 0 0 0 0 0 0 0 0 0 0 0 0 0 0 0 0 
0
X from QP: 10.0662 12.9728 15.9057 18.844 21.7563 24.6094 27.3727 30.022 32.5436 34.9323 37.1892 39.32 41.3324 43.2336 45.0279 46.7171 
Y from QP: 0 0 0 0 0 0 0 0 0 0 0 0 0 0 0 0 
VX from QP: 8.63677 8.637 8.63722 8.63744 8.63766 8.63788 8.6381 8.63832 8.63854 8.63876 8.63898 8.6392 8.63942 8.63964 8.63986 8.64007 
VY from QP: 0 0 0 0 0 0 0 0 0 0 0 0 0 0 0 0 
Now x by QP is: 10.9329
Now y by QP is: 0
Now vx by QP is: 8.69568
Now vy by QP is: 0
1
X from QP: 10.0662 12.9755 15.9117 18.8527 21.7663 24.6195 27.3819 30.0295 32.5492 34.9358 37.191 39.3203 41.3317 43.2324 45.0266 46.7163 
Y from QP: 0 0 0 0 0 0 0 0 0 0 0 0 0 0 0 0 
VX from QP: 8.63677 8.63702 8.63727 8.63752 8.63777 8.63801 8.63826 8.63851 8.63875 8.639 8.63925 8.63949 8.63974 8.63998 8.64023 8.64047 
VY from QP: 0 0 0 0 0 0 0 0 0 0 0 0 0 0 0 0 
0,3,3300,car, x: 10.9329, y: 0, vx: 8.69568, vy: 0, psi_rad: 0,4.67,1.74
1  s_f 0  s_b 2.14  t_i 0.8  t_o 4.3
The formal decision is: 00001 namely is: 1
Final decision is: 00001
The corresponding cost is: -185.101
The cost of the formal decision is: -185.101
Path: 1 -2 -2 -1 0 
Total cost: -185.101
V from As: 8.69568 9.02902 9.36235 9.69568 9.02902 8.36235 7.69568 7.02902 6.36235 5.69568 5.36235 5.02902 4.69568 4.69568 4.69568 4.69568
S from Astar: 0 2.95412 6.01934 9.19568 12.3165 15.215 17.8914 20.3455 22.5774 24.587 26.4301 28.1619 29.7827 31.348 32.9132 34.4784 
X from Astar: 10.9329 13.887 16.9523 20.1286 23.2494 26.1479 28.8243 31.2784 33.5103 35.52 37.363 39.0949 40.7157 42.2809 43.8461 45.4113 
Y from Astar: 0 0 0 0 0 0 0 0 0 0 0 0 0 0 0 0 
0
X from QP: 10.9329 13.8617 16.8171 19.7726 22.6886 25.5233 28.2374 30.7996 33.1922 35.4082 37.4496 39.3245 41.0442 42.619 44.0552 45.3553 
Y from QP: 0 0 0 0 0 0 0 0 0 0 0 0 0 0 0 0 
VX from QP: 8.69568 8.69593 8.69617 8.69642 8.69666 8.6969 8.69715 8.69739 8.69763 8.69788 8.69812 8.69836 8.6986 8.69885 8.69909 8.69933 
VY from QP: 0 0 0 0 0 0 0 0 0 0 0 0 0 0 0 0 
Now x by QP is: 11.8059
Now y by QP is: 0
Now vx by QP is: 8.76052
Now vy by QP is: 0
1
X from QP: 10.9329 13.8645 16.8232 19.7812 22.6986 25.5334 28.2465 30.8071 33.1977 35.4118 37.4513 39.3248 41.0435 42.6178 44.054 45.3546 
Y from QP: 0 0 0 0 0 0 0 0 0 0 0 0 0 0 0 0 
VX from QP: 8.69568 8.69595 8.69623 8.6965 8.69677 8.69704 8.69731 8.69758 8.69785 8.69812 8.69839 8.69866 8.69892 8.69919 8.69946 8.69973 
VY from QP: 0 0 0 0 0 0 0 0 0 0 0 0 0 0 0 0 
0,3,3400,car, x: 11.8059, y: 0, vx: 8.76052, vy: 0, psi_rad: 0,4.67,1.74
1  s_f 0  s_b 1.27  t_i 0.7  t_o 4.2
The formal decision is: 00001 namely is: 1
Final decision is: 00001
The corresponding cost is: -182.814
The cost of the formal decision is: -182.814
Path: 1 -2 -2 -1 0 
Total cost: -182.814
V from As: 8.76052 9.09385 9.42718 9.76052 9.09385 8.42718 7.76052 7.09385 6.42718 5.76052 5.42718 5.09385 4.76052 4.76052 4.76052 4.76052
S from Astar: 0 2.97573 6.06257 9.26052 12.4029 15.3231 18.021 20.4968 22.7503 24.7816 26.6462 28.3997 30.0421 31.6289 33.2158 34.8026 
X from Astar: 11.8059 14.7816 17.8684 21.0664 24.2088 27.129 29.8269 32.3026 34.5561 36.5874 38.452 40.2056 41.8479 43.4348 45.0216 46.6085 
Y from Astar: 0 0 0 0 0 0 0 0 0 0 0 0 0 0 0 0 
0
X from QP: 11.8059 14.7563 17.7333 20.7104 23.648 26.5043 29.24 31.8238 34.238 36.4757 38.5386 40.4352 42.1765 43.773 45.2307 46.5525 
Y from QP: 0 0 0 0 0 0 0 0 0 0 0 0 0 0 0 0 
VX from QP: 8.76052 8.76076 8.76101 8.76125 8.7615 8.76174 8.76198 8.76223 8.76247 8.76271 8.76295 8.7632 8.76344 8.76368 8.76392 8.76417 
VY from QP: 0 0 0 0 0 0 0 0 0 0 0 0 0 0 0 0 
Now x by QP is: 12.6853
Now y by QP is: 0
Now vx by QP is: 8.82535
Now vy by QP is: 0
1
X from QP: 11.8059 14.7593 17.7399 20.7197 23.6588 26.5152 29.2499 31.832 34.244 36.4795 38.5405 40.4355 42.1757 43.7716 45.2294 46.5517 
Y from QP: 0 0 0 0 0 0 0 0 0 0 0 0 0 0 0 0 
VX from QP: 8.76052 8.76079 8.76107 8.76134 8.76161 8.76188 8.76216 8.76243 8.7627 8.76297 8.76324 8.76352 8.76379 8.76406 8.76433 8.7646 
VY from QP: 0 0 0 0 0 0 0 0 0 0 0 0 0 0 0 0 
0,3,3500,car, x: 12.6853, y: 0, vx: 8.82535, vy: 0, psi_rad: 0,4.67,1.74
1  s_f 0  s_b 0.39  t_i 0.6  t_o 4.1
The formal decision is: 00001 namely is: 1
Final decision is: 00001
The corresponding cost is: -180.484
The cost of the formal decision is: -180.484
Path: 1 -2 -2 -1 0 
Total cost: -180.484
V from As: 8.82535 9.15869 9.49202 9.82535 9.15869 8.49202 7.82535 7.15869 6.49202 5.82535 5.49202 5.15869 4.82535 4.82535 4.82535 4.82535
S from Astar: 0 2.99734 6.10579 9.32535 12.4894 15.4311 18.1507 20.648 22.9232 24.9761 26.8623 28.6374 30.3014 31.9099 33.5183 35.1268 
X from Astar: 12.6853 15.6826 18.7911 22.0107 25.1747 28.1165 30.836 33.3334 35.6085 37.6614 39.5476 41.3227 42.9867 44.5952 46.2036 47.8121 
Y from Astar: 0 0 0 0 0 0 0 0 0 0 0 0 0 0 0 0 
0
X from QP: 12.6853 15.6573 18.656 21.6546 24.6139 27.4918 30.2491 32.8545 35.2903 37.5496 39.6342 41.5523 43.3153 44.9333 46.4127 47.7561 
Y from QP: 0 0 0 0 0 0 0 0 0 0 0 0 0 0 0 0 
VX from QP: 8.82535 8.8256 8.82584 8.82609 8.82633 8.82657 8.82682 8.82706 8.8273 8.82755 8.82779 8.82803 8.82828 8.82852 8.82876 8.829 
VY from QP: 0 0 0 0 0 0 0 0 0 0 0 0 0 0 0 0 
Now x by QP is: 13.5712
Now y by QP is: 0
Now vx by QP is: 8.89019
Now vy by QP is: 0
1
X from QP: 12.6853 15.6603 18.6626 21.664 24.6248 27.5028 30.2591 32.8628 35.2964 37.5535 39.6361 41.5527 43.3145 44.932 46.4114 47.7553 
Y from QP: 0 0 0 0 0 0 0 0 0 0 0 0 0 0 0 0 
VX from QP: 8.82535 8.82563 8.8259 8.82617 8.82645 8.82672 8.82699 8.82727 8.82754 8.82781 8.82808 8.82835 8.82862 8.8289 8.82917 8.82944 
VY from QP: 0 0 0 0 0 0 0 0 0 0 0 0 0 0 0 0 
0,3,3600,car, x: 13.5712, y: 0, vx: 8.89019, vy: 0, psi_rad: 0,4.67,1.74
The formal decision is: 00001 namely is: 1
Final decision is: 
The corresponding cost is: 63.6444
The cost of the formal decision is: -23333
Path: -2 -1 -1 -1 0 
Total cost: 63.6444
V from As: 8.89019 8.22352 7.55686 6.89019 6.55686 6.22352 5.89019 5.55686 5.22352 4.89019 4.55686 4.22352 3.89019 3.89019 3.89019 3.89019
S from Astar: 0 2.85229 5.48235 7.89019 10.1314 12.2614 14.2804 16.1882 17.9849 19.6706 21.2451 22.7085 24.0608 25.3575 26.6542 27.9509 
X from Astar: 13.5712 16.4235 19.0536 21.4614 23.7026 25.8327 27.8516 29.7594 31.5562 33.2418 34.8163 36.2797 37.632 38.9287 40.2254 41.5222 
Y from Astar: 0 0 0 0 0 0 0 0 0 0 0 0 0 0 0 0 
0
X from QP: 13.5712 16.4368 19.1461 21.6712 24.0061 26.1588 28.1465 29.9902 31.7099 33.3243 34.8495 36.298 37.6795 39.0003 40.2642 41.4725 
Y from QP: 0 0 0 0 0 0 0 0 0 0 0 0 0 0 0 0 
VX from QP: 8.89019 8.8895 8.88881 8.88812 8.88744 8.88675 8.88606 8.88538 8.88469 8.884 8.88332 8.88263 8.88195 8.88126 8.88058 8.87989 
VY from QP: 0 0 0 0 0 0 0 0 0 0 0 0 0 0 0 0 
Now x by QP is: 14.4504
Now y by QP is: 0
Now vx by QP is: 8.69736
Now vy by QP is: 0
1
X from QP: 13.5712 16.4398 19.1527 21.6806 24.017 26.1699 28.1565 29.9984 31.716 33.3282 34.8514 36.2984 37.6787 38.999 40.2628 41.4716 
Y from QP: 0 0 0 0 0 0 0 0 0 0 0 0 0 0 0 0 
VX from QP: 8.89019 8.88953 8.88887 8.88821 8.88755 8.8869 8.88624 8.88558 8.88492 8.88427 8.88361 8.88295 8.8823 8.88164 8.88099 8.88033 
VY from QP: 0 0 0 0 0 0 0 0 0 0 0 0 0 0 0 0 
0,3,3700,car, x: 14.4504, y: 0, vx: 8.69736, vy: 0, psi_rad: 0,4.67,1.74
The formal decision is:  namely is: 0
Final decision is: 
The corresponding cost is: 59.5893
The cost of the formal decision is: 59.5893
Path: -2 -1 -1 0 0 
Total cost: 59.5893
V from As: 8.69736 8.03069 7.36402 6.69736 6.36402 6.03069 5.69736 5.36402 5.03069 4.69736 4.69736 4.69736 4.69736 4.69736 4.69736 4.69736
S from Astar: 0 2.78801 5.35379 7.69736 9.87425 11.94 13.8947 15.7383 17.4707 19.0921 20.6579 22.2236 23.7894 25.3552 26.921 28.4868 
X from Astar: 14.4504 17.2384 19.8042 22.1477 24.3246 26.3904 28.3451 30.1887 31.9211 33.5424 35.1082 36.674 38.2398 39.8056 41.3714 42.9372 
Y from Astar: 0 0 0 0 0 0 0 0 0 0 0 0 0 0 0 0 
0
X from QP: 14.4504 17.2485 19.8858 22.3351 24.5929 26.6718 28.5945 30.389 32.0836 33.7046 35.2752 36.8132 38.3318 39.8396 41.3407 42.8368 
Y from QP: 0 0 0 0 0 0 0 0 0 0 0 0 0 0 0 0 
VX from QP: 8.69736 8.69665 8.69593 8.69522 8.69451 8.6938 8.69309 8.69238 8.69167 8.69096 8.69025 8.68954 8.68883 8.68813 8.68742 8.68671 
VY from QP: 0 0 0 0 0 0 0 0 0 0 0 0 0 0 0 0 
Now x by QP is: 15.3099
Now y by QP is: 0
Now vx by QP is: 8.49799
Now vy by QP is: 0
1
X from QP: 14.4504 17.24 19.8673 22.3087 24.5624 26.6409 28.5665 30.366 32.0666 33.6937 35.2698 36.8123 38.334 39.8433 41.3445 42.8391 
Y from QP: 0 0 0 0 0 0 0 0 0 0 0 0 0 0 0 0 
VX from QP: 8.69736 8.69656 8.69577 8.69498 8.69418 8.69339 8.6926 8.69181 8.69102 8.69023 8.68944 8.68865 8.68786 8.68707 8.68628 8.68549 
VY from QP: 0 0 0 0 0 0 0 0 0 0 0 0 0 0 0 0 
0,3,3800,car, x: 15.3099, y: 0, vx: 8.49799, vy: 0, psi_rad: 0,4.67,1.74
The formal decision is:  namely is: 0
Final decision is: 
The corresponding cost is: 55.2079
The cost of the formal decision is: 55.2079
Path: -2 -1 -1 0 0 
Total cost: 55.2079
V from As: 8.49799 7.83133 7.16466 6.49799 6.16466 5.83133 5.49799 5.16466 4.83133 4.49799 4.49799 4.49799 4.49799 4.49799 4.49799 4.49799
S from Astar: 0 2.72155 5.22089 7.49799 9.60844 11.6078 13.496 15.2731 16.9391 18.494 19.9933 21.4926 22.992 24.4913 25.9906 27.49 
X from Astar: 15.3099 18.0315 20.5308 22.8079 24.9183 26.9177 28.8059 30.583 32.249 33.8039 35.3032 36.8026 38.3019 39.8012 41.3005 42.7999 
Y from Astar: 0 0 0 0 0 0 0 0 0 0 0 0 0 0 0 0 
0
X from QP: 15.3099 18.0415 20.6124 22.9952 25.1866 27.199 29.0553 30.7834 32.4115 33.966 35.4702 36.9418 38.3939 39.8352 41.2699 42.6995 
Y from QP: 0 0 0 0 0 0 0 0 0 0 0 0 0 0 0 0 
VX from QP: 8.49799 8.49728 8.49657 8.49586 8.49515 8.49444 8.49373 8.49302 8.49231 8.4916 8.49089 8.49018 8.48947 8.48876 8.48805 8.48735 
VY from QP: 0 0 0 0 0 0 0 0 0 0 0 0 0 0 0 0 
Now x by QP is: 16.1495
Now y by QP is: 0
Now vx by QP is: 8.29863
Now vy by QP is: 0
1
X from QP: 15.3099 18.0318 20.591 22.9647 25.1512 27.1632 29.0228 30.7567 32.3917 33.9534 35.464 36.9407 38.3964 39.8395 41.2743 42.7022 
Y from QP: 0 0 0 0 0 0 0 0 0 0 0 0 0 0 0 0 
VX from QP: 8.49799 8.49719 8.49638 8.49557 8.49477 8.49396 8.49316 8.49235 8.49155 8.49074 8.48994 8.48914 8.48834 8.48753 8.48673 8.48593 
VY from QP: 0 0 0 0 0 0 0 0 0 0 0 0 0 0 0 0 
0,3,3900,car, x: 16.1495, y: 0, vx: 8.29863, vy: 0, psi_rad: 0,4.67,1.74
The formal decision is:  namely is: 0
Final decision is: 
The corresponding cost is: 51.224
The cost of the formal decision is: 51.224
Path: -2 -1 -1 0 0 
Total cost: 51.224
V from As: 8.29863 7.63196 6.9653 6.29863 5.9653 5.63196 5.29863 4.9653 4.63196 4.29863 4.29863 4.29863 4.29863 4.29863 4.29863 4.29863
S from Astar: 0 2.6551 5.08798 7.29863 9.34262 11.2755 13.0973 14.8079 16.4075 17.8959 19.3288 20.7616 22.1945 23.6274 25.0603 26.4932 
X from Astar: 16.1495 18.8046 21.2375 23.4481 25.4921 27.425 29.2468 30.9574 32.557 34.0454 35.4783 36.9111 38.344 39.7769 41.2098 42.6427 
Y from Astar: 0 0 0 0 0 0 0 0 0 0 0 0 0 0 0 0 
0
X from QP: 16.1495 18.8147 21.3191 23.6355 25.7604 27.7063 29.4961 31.1578 32.7194 34.2075 35.6452 37.0503 38.436 39.8109 41.1791 42.5423 
Y from QP: 0 0 0 0 0 0 0 0 0 0 0 0 0 0 0 0 
VX from QP: 8.29863 8.29792 8.29721 8.2965 8.29578 8.29507 8.29436 8.29365 8.29294 8.29223 8.29152 8.29082 8.29011 8.2894 8.28869 8.28798 
VY from QP: 0 0 0 0 0 0 0 0 0 0 0 0 0 0 0 0 
Now x by QP is: 16.9692
Now y by QP is: 0
Now vx by QP is: 8.09927
Now vy by QP is: 0
1
X from QP: 16.1495 18.8048 21.2974 23.6045 25.7245 27.6701 29.4632 31.1307 32.6995 34.1948 35.6389 37.0493 38.4386 39.8153 41.1836 42.545 
Y from QP: 0 0 0 0 0 0 0 0 0 0 0 0 0 0 0 0 
VX from QP: 8.29863 8.29782 8.29701 8.29621 8.2954 8.29459 8.29379 8.29298 8.29218 8.29137 8.29057 8.28976 8.28896 8.28815 8.28735 8.28655 
VY from QP: 0 0 0 0 0 0 0 0 0 0 0 0 0 0 0 0 
0,4,4000,car, x: 16.9692, y: 0, vx: 8.09927, vy: 0, psi_rad: 0,4.67,1.74
The formal decision is:  namely is: 0
Final decision is: 
The corresponding cost is: 47.6376
The cost of the formal decision is: 47.6376
Path: -2 -1 -1 0 0 
Total cost: 47.6376
V from As: 8.09927 7.4326 6.76593 6.09927 5.76593 5.4326 5.09927 4.76593 4.4326 4.09927 4.09927 4.09927 4.09927 4.09927 4.09927 4.09927
S from Astar: 0 2.58864 4.95507 7.09927 9.0768 10.9432 12.6985 14.3427 15.8758 17.2978 18.6642 20.0306 21.3971 22.7635 24.1299 25.4963 
X from Astar: 16.9692 19.5578 21.9242 24.0684 26.046 27.9124 29.6677 31.3119 32.845 34.267 35.6334 36.9998 38.3662 39.7326 41.0991 42.4655 
Y from Astar: 0 0 0 0 0 0 0 0 0 0 0 0 0 0 0 0 
0
X from QP: 16.9692 19.5679 22.0058 24.2557 26.3142 28.1937 29.9171 31.5122 33.0074 34.4291 35.8003 37.139 38.4582 39.7666 41.0684 42.3651 
Y from QP: 0 0 0 0 0 0 0 0 0 0 0 0 0 0 0 0 
VX from QP: 8.09927 8.09856 8.09784 8.09713 8.09642 8.09571 8.095 8.09429 8.09358 8.09287 8.09216 8.09145 8.09074 8.09004 8.08933 8.08862 
VY from QP: 0 0 0 0 0 0 0 0 0 0 0 0 0 0 0 0 
Now x by QP is: 17.7689
Now y by QP is: 0
Now vx by QP is: 7.8999
Now vy by QP is: 0
1
X from QP: 16.9692 19.558 21.9841 24.2248 26.2783 28.1574 29.8841 31.4852 32.9874 34.4163 35.794 37.1379 38.4608 39.771 41.0729 42.3678 
Y from QP: 0 0 0 0 0 0 0 0 0 0 0 0 0 0 0 0 
VX from QP: 8.09927 8.09846 8.09765 8.09684 8.09604 8.09523 8.09442 8.09362 8.09281 8.09201 8.0912 8.0904 8.08959 8.08879 8.08799 8.08718 
VY from QP: 0 0 0 0 0 0 0 0 0 0 0 0 0 0 0 0 
0,4,4100,car, x: 17.7689, y: 0, vx: 7.8999, vy: 0, psi_rad: 0,4.67,1.74
The formal decision is:  namely is: 0
Final decision is: 
The corresponding cost is: 44.4486
The cost of the formal decision is: 44.4486
Path: -2 -1 -1 0 0 
Total cost: 44.4486
V from As: 7.8999 7.23324 6.56657 5.8999 5.56657 5.23324 4.8999 4.56657 4.23324 3.8999 3.8999 3.8999 3.8999 3.8999 3.8999 3.8999
S from Astar: 0 2.52219 4.82216 6.8999 8.81098 10.611 12.2998 13.8776 15.3442 16.6997 17.9997 19.2996 20.5996 21.8996 23.1996 24.4995 
X from Astar: 17.7689 20.2911 22.591 24.6688 26.5799 28.3798 30.0687 31.6464 33.1131 34.4686 35.7686 37.0685 38.3685 39.6685 40.9684 42.2684 
Y from Astar: 0 0 0 0 0 0 0 0 0 0 0 0 0 0 0 0 
0
X from QP: 17.7689 20.3011 22.6726 24.8561 26.8481 28.6612 30.318 31.8468 33.2755 34.6307 35.9355 37.2077 38.4605 39.7024 40.9378 42.168 
Y from QP: 0 0 0 0 0 0 0 0 0 0 0 0 0 0 0 0 
VX from QP: 7.8999 7.89919 7.89848 7.89777 7.89706 7.89635 7.89564 7.89493 7.89422 7.89351 7.8928 7.89209 7.89138 7.89067 7.88996 7.88926 
VY from QP: 0 0 0 0 0 0 0 0 0 0 0 0 0 0 0 0 
Now x by QP is: 18.5487
Now y by QP is: 0
Now vx by QP is: 7.70054
Now vy by QP is: 0
1
X from QP: 17.7689 20.2912 22.6509 24.8251 26.8122 28.6249 30.2851 31.8197 33.2555 34.618 35.9292 37.2066 38.463 39.7068 40.9422 42.1707 
Y from QP: 0 0 0 0 0 0 0 0 0 0 0 0 0 0 0 0 
VX from QP: 7.8999 7.8991 7.89829 7.89748 7.89667 7.89587 7.89506 7.89425 7.89345 7.89264 7.89184 7.89103 7.89023 7.88943 7.88862 7.88782 
VY from QP: 0 0 0 0 0 0 0 0 0 0 0 0 0 0 0 0 
0,4,4200,car, x: 18.5487, y: 0, vx: 7.70054, vy: 0, psi_rad: 0,4.67,1.74
The formal decision is:  namely is: 0
Final decision is: 
The corresponding cost is: 41.657
The cost of the formal decision is: 41.657
Path: -2 -1 -1 0 0 
Total cost: 41.657
V from As: 7.70054 7.03387 6.36721 5.70054 5.36721 5.03387 4.70054 4.36721 4.03387 3.70054 3.70054 3.70054 3.70054 3.70054 3.70054 3.70054
S from Astar: 0 2.45574 4.68925 6.70054 8.54517 10.2787 11.9011 13.4124 14.8126 16.1016 17.3351 18.5686 19.8022 21.0357 22.2692 23.5027 
X from Astar: 18.5487 21.0044 23.2379 25.2492 27.0938 28.8273 30.4497 31.961 33.3612 34.6503 35.8838 37.1173 38.3508 39.5843 40.8178 42.0514 
Y from Astar: 0 0 0 0 0 0 0 0 0 0 0 0 0 0 0 0 
0
X from QP: 18.5487 21.0145 23.3195 25.4365 27.3621 29.1087 30.6991 32.1614 33.5237 34.8124 36.0507 37.2565 38.4428 39.6183 40.7872 41.951 
Y from QP: 0 0 0 0 0 0 0 0 0 0 0 0 0 0 0 0 
VX from QP: 7.70054 7.69983 7.69912 7.69841 7.69769 7.69698 7.69627 7.69556 7.69485 7.69414 7.69343 7.69273 7.69202 7.69131 7.6906 7.68989 
VY from QP: 0 0 0 0 0 0 0 0 0 0 0 0 0 0 0 0 
Now x by QP is: 19.3085
Now y by QP is: 0
Now vx by QP is: 7.50118
Now vy by QP is: 0
1
X from QP: 18.5487 21.0046 23.2978 25.4056 27.3262 29.0724 30.6662 32.1343 33.5037 34.7996 36.0444 37.2554 38.4454 39.6227 40.7917 41.9537 
Y from QP: 0 0 0 0 0 0 0 0 0 0 0 0 0 0 0 0 
VX from QP: 7.70054 7.69973 7.69892 7.69812 7.69731 7.6965 7.6957 7.69489 7.69408 7.69328 7.69247 7.69167 7.69087 7.69006 7.68926 7.68846 
VY from QP: 0 0 0 0 0 0 0 0 0 0 0 0 0 0 0 0 
0,4,4300,car, x: 19.3085, y: 0, vx: 7.50118, vy: 0, psi_rad: 0,4.67,1.74
The formal decision is:  namely is: 0
Final decision is: 
The corresponding cost is: 39.263
The cost of the formal decision is: 39.263
Path: -2 -1 -1 0 0 
Total cost: 39.263
V from As: 7.50118 6.83451 6.16784 5.50118 5.16784 4.83451 4.50118 4.16784 3.83451 3.50118 3.50118 3.50118 3.50118 3.50118 3.50118 3.50118
S from Astar: 0 2.38928 4.55634 6.50118 8.27935 9.94641 11.5024 12.9472 14.2809 15.5035 16.6706 17.8376 19.0047 20.1718 21.3388 22.5059 
X from Astar: 19.3085 21.6978 23.8648 25.8097 27.5879 29.2549 30.8109 32.2557 33.5894 34.812 35.9791 37.1462 38.3132 39.4803 40.6473 41.8144 
Y from Astar: 0 0 0 0 0 0 0 0 0 0 0 0 0 0 0 0 
0
X from QP: 19.3085 21.7079 23.9465 25.997 27.8561 29.5363 31.0602 32.4561 33.7519 34.9742 36.146 37.2854 38.4052 39.5142 40.6167 41.714 
Y from QP: 0 0 0 0 0 0 0 0 0 0 0 0 0 0 0 0 
VX from QP: 7.50118 7.50046 7.49975 7.49904 7.49833 7.49762 7.49691 7.4962 7.49549 7.49478 7.49407 7.49336 7.49265 7.49194 7.49124 7.49053 
VY from QP: 0 0 0 0 0 0 0 0 0 0 0 0 0 0 0 0 
Now x by QP is: 20.0484
Now y by QP is: 0
Now vx by QP is: 7.30181
Now vy by QP is: 0
1
X from QP: 19.3085 21.6979 23.9248 25.966 27.8202 29.5 31.0273 32.429 33.7319 34.9614 36.1397 37.2843 38.4078 39.5186 40.6211 41.7167 
Y from QP: 0 0 0 0 0 0 0 0 0 0 0 0 0 0 0 0 
VX from QP: 7.50118 7.50037 7.49956 7.49875 7.49795 7.49714 7.49633 7.49553 7.49472 7.49392 7.49311 7.49231 7.4915 7.4907 7.4899 7.48909 
VY from QP: 0 0 0 0 0 0 0 0 0 0 0 0 0 0 0 0 
0,4,4400,car, x: 20.0484, y: 0, vx: 7.30181, vy: 0, psi_rad: 0,4.67,1.74
