0,0,0,car, x: -10, y: 0, vx: 2, vy: 0, psi_rad: 0,4.67,1.74
1  s_f 16.93  s_b 23.07  t_i 4.1  t_o 5
The formal decision is: 00000 namely is: 0
Final decision is: 00001
The corresponding cost is: -89
The cost of the formal decision is: 5
Path: 3 3 1 0 -1 
Total cost: -89
V from As: 2 3 4 5 6 7 8 8.33333 8.66667 9 9 9 9 8.66667 8.33333 8
S from Astar: 0 0.833333 2 3.5 5.33333 7.5 10 12.7222 15.5556 18.5 21.5 24.5 27.5 30.4444 33.2778 36 
X from Astar: -10 -9.16667 -8 -6.5 -4.66667 -2.5 1.67759e-10 2.72222 5.55556 8.5 11.5 14.5 17.5 20.4444 23.2778 26 
Y from Astar: 0 0 0 0 0 0 0 0 0 0 0 0 0 0 0 0 
0
X from QP: -10 -9.16172 -8.04522 -6.59673 -4.80388 -2.68484 -0.279234 2.3607 5.17871 8.11932 11.1325 14.1787 17.2284 20.2619 23.2699 26.2492 
Y from QP: 0 0 0 0 0 0 0 0 0 0 0 0 0 0 0 0 
VX from QP: 2 2.0012 2.0024 2.0036 2.0048 2.006 2.0072 2.0084 2.0096 2.01079 2.01199 2.01319 2.01438 2.01558 2.01677 2.01797 
VY from QP: 0 0 0 0 0 0 0 0 0 0 0 0 0 0 0 0 
1
X from QP: -10 -9.16172 -8.04522 -6.59673 -4.80388 -2.68484 -0.279234 2.3607 5.17871 8.11932 11.1325 14.1787 17.2284 20.2619 23.2699 26.2492 
Y from QP: 0 0 0 0 0 0 0 0 0 0 0 0 0 0 0 0 
VX from QP: 2 2.0012 2.0024 2.0036 2.0048 2.006 2.0072 2.0084 2.0096 2.01079 2.01199 2.01319 2.01438 2.01558 2.01677 2.01797 
VY from QP: 0 0 0 0 0 0 0 0 0 0 0 0 0 0 0 0 
Now x by QP is: -9.78275
Now y by QP is: 0
Now vx by QP is: 2.33728
Now vy by QP is: 0
0,0,100,car, x: -9.78275, y: 0, vx: 2.33728, vy: 0, psi_rad: 0,4.67,1.74
1  s_f 16.72  s_b 22.86  t_i 4  t_o 5
The formal decision is: 00001 namely is: 1
Final decision is: 00001
The corresponding cost is: -88.5908
The cost of the formal decision is: -88.5908
Path: 3 3 1 -1 -1 
Total cost: -88.5908
V from As: 2.33728 3.33728 4.33728 5.33728 6.33728 7.33728 8.33728 8.67062 9.00395 9.33728 9.00395 8.67062 8.33728 8.00395 7.67062 7.33728
S from Astar: 0 0.945761 2.22485 3.83728 5.78304 8.06214 10.6746 13.5092 16.455 19.5118 22.5687 25.5145 28.3491 31.0727 33.6851 36.1864 
X from Astar: -9.78275 -8.83699 -7.55789 -5.94547 -3.99971 -1.72061 0.891816 3.72647 6.67223 9.7291 12.786 15.7317 18.5664 21.2899 23.9023 26.4037 
Y from Astar: 0 0 0 0 0 0 0 0 0 0 0 0 0 0 0 0 
0
X from QP: -9.78275 -8.82881 -7.59217 -6.01976 -4.10174 -1.86062 0.658147 3.39529 6.28665 9.26881 12.2848 15.2896 18.2502 21.1451 23.9638 26.7036 
Y from QP: 0 0 0 0 0 0 0 0 0 0 0 0 0 0 0 0 
VX from QP: 2.33728 2.33851 2.33973 2.34096 2.34218 2.3434 2.34463 2.34585 2.34707 2.34829 2.34951 2.35073 2.35195 2.35317 2.35439 2.3556 
VY from QP: 0 0 0 0 0 0 0 0 0 0 0 0 0 0 0 0 
1
X from QP: -9.78275 -8.81355 -7.55876 -5.97208 -4.04645 -1.80475 0.70882 3.43697 6.31743 9.28848 12.2944 15.2913 18.2464 21.1383 23.957 26.6994 
Y from QP: 0 0 0 0 0 0 0 0 0 0 0 0 0 0 0 0 
VX from QP: 2.33728 2.33866 2.34003 2.3414 2.34277 2.34414 2.34551 2.34688 2.34825 2.34962 2.35099 2.35235 2.35372 2.35509 2.35645 2.35781 
VY from QP: 0 0 0 0 0 0 0 0 0 0 0 0 0 0 0 0 
Now x by QP is: -9.52946
Now y by QP is: 0
Now vx by QP is: 2.71799
Now vy by QP is: 0
0,0,200,car, x: -9.52946, y: 0, vx: 2.71799, vy: 0, psi_rad: 0,4.67,1.74
1  s_f 16.46  s_b 22.6  t_i 3.9  t_o 5
The formal decision is: 00001 namely is: 1
Final decision is: 00001
The corresponding cost is: -92.2671
The cost of the formal decision is: -92.2671
Path: 3 3 0 0 -1 
Total cost: -92.2671
V from As: 2.71799 3.71799 4.71799 5.71799 6.71799 7.71799 8.71799 8.71799 8.71799 8.71799 8.71799 8.71799 8.71799 8.38465 8.05132 7.71799
S from Astar: 0 1.07266 2.47866 4.21799 6.29065 8.69664 11.436 14.342 17.248 20.154 23.06 25.9659 28.8719 31.7224 34.4617 37.0899 
X from Astar: -9.52946 -8.4568 -7.0508 -5.31147 -3.23881 -0.832818 1.90651 4.81251 7.7185 10.6245 13.5305 16.4365 19.3425 22.1929 24.9323 27.5605 
Y from Astar: 0 0 0 0 0 0 0 0 0 0 0 0 0 0 0 0 
0
X from QP: -9.52946 -8.4493 -7.09062 -5.40535 -3.38903 -1.06874 1.50733 4.27991 7.1886 10.1763 13.1936 16.2036 19.1802 22.1072 24.9768 27.7867 
Y from QP: 0 0 0 0 0 0 0 0 0 0 0 0 0 0 0 0 
VX from QP: 2.71799 2.71921 2.72043 2.72166 2.72288 2.7241 2.72533 2.72655 2.72777 2.72899 2.73021 2.73143 2.73265 2.73387 2.73508 2.7363 
VY from QP: 0 0 0 0 0 0 0 0 0 0 0 0 0 0 0 0 
1
X from QP: -9.52946 -8.43234 -7.05347 -5.35233 -3.32756 -1.00662 1.56367 4.32625 7.22283 10.1982 13.2044 16.2055 19.1759 22.0996 24.9691 27.782 
Y from QP: 0 0 0 0 0 0 0 0 0 0 0 0 0 0 0 0 
VX from QP: 2.71799 2.71938 2.72076 2.72215 2.72354 2.72493 2.72631 2.7277 2.72909 2.73047 2.73185 2.73324 2.73462 2.736 2.73738 2.73876 
VY from QP: 0 0 0 0 0 0 0 0 0 0 0 0 0 0 0 0 
Now x by QP is: -9.2379
Now y by QP is: 0
Now vx by QP is: 3.10221
Now vy by QP is: 0
0,0,300,car, x: -9.2379, y: 0, vx: 3.10221, vy: 0, psi_rad: 0,4.67,1.74
1  s_f 16.17  s_b 22.31  t_i 3.8  t_o 5
The formal decision is: 00001 namely is: 1
Final decision is: 00001
The corresponding cost is: -103.837
The cost of the formal decision is: -103.837
Path: 3 2 1 0 -1 
Total cost: -103.837
V from As: 3.10221 4.10221 5.10221 6.10221 6.76888 7.43554 8.10221 8.43554 8.76888 9.10221 9.10221 9.10221 9.10221 8.76888 8.43554 8.10221
S from Astar: 0 1.20074 2.73481 4.60221 6.74739 9.11479 11.7044 14.4607 17.3281 20.3066 23.3407 26.3748 29.4088 32.3874 35.2548 38.011 
X from Astar: -9.2379 -8.03717 -6.5031 -4.63569 -2.49051 -0.123108 2.46652 5.22281 8.09021 11.0687 14.1028 17.1369 20.1709 23.1495 26.0169 28.7731 
Y from Astar: 0 0 0 0 0 0 0 0 0 0 0 0 0 0 0 0 
0
X from QP: -9.2379 -8.04419 -6.59583 -4.84921 -2.79945 -0.468399 2.1041 4.86876 7.77515 10.7751 13.8263 16.8953 19.9576 22.9972 26.0064 28.9826 
Y from QP: 0 0 0 0 0 0 0 0 0 0 0 0 0 0 0 0 
VX from QP: 3.10221 3.10333 3.10446 3.10558 3.1067 3.10782 3.10895 3.11007 3.11119 3.11231 3.11343 3.11455 3.11566 3.11678 3.1179 3.11902 
VY from QP: 0 0 0 0 0 0 0 0 0 0 0 0 0 0 0 0 
1
X from QP: -9.2379 -8.02712 -6.55846 -4.79587 -2.7376 -0.405899 2.16079 4.91538 7.80959 10.7972 13.8371 16.8971 19.9532 22.9896 25.9987 28.9779 
Y from QP: 0 0 0 0 0 0 0 0 0 0 0 0 0 0 0 0 
VX from QP: 3.10221 3.1035 3.10479 3.10608 3.10737 3.10865 3.10994 3.11123 3.11251 3.1138 3.11508 3.11636 3.11765 3.11893 3.12021 3.12149 
VY from QP: 0 0 0 0 0 0 0 0 0 0 0 0 0 0 0 0 
Now x by QP is: -8.90936
Now y by QP is: 0
Now vx by QP is: 3.45828
Now vy by QP is: 0
0,0,400,car, x: -8.90936, y: 0, vx: 3.45828, vy: 0, psi_rad: 0,4.67,1.74
1  s_f 15.84  s_b 21.98  t_i 3.7  t_o 5
The formal decision is: 00001 namely is: 1
Final decision is: 00001
The corresponding cost is: -104.702
The cost of the formal decision is: -104.702
Path: 3 2 1 -2 -1 
Total cost: -104.702
V from As: 3.45828 4.45828 5.45828 6.45828 7.12495 7.79161 8.45828 8.79161 9.12495 9.45828 8.79161 8.12495 7.45828 7.12495 6.79161 6.45828
S from Astar: 0 1.31943 2.97219 4.95828 7.22215 9.70825 12.4166 15.2915 18.2776 21.3748 24.4165 27.2359 29.8331 32.2637 34.5831 36.7914 
X from Astar: -8.90936 -7.58993 -5.93717 -3.95108 -1.68721 0.798886 3.5072 6.38218 9.36828 12.4655 15.5071 18.3266 20.9238 23.3543 25.6737 27.882 
Y from Astar: 0 0 0 0 0 0 0 0 0 0 0 0 0 0 0 0 
0
X from QP: -8.90936 -7.59048 -6.00802 -4.11972 -1.92578 0.543266 3.23592 6.08883 9.03575 12.0127 14.9631 17.8432 20.6214 23.2773 25.802 28.1929 
Y from QP: 0 0 0 0 0 0 0 0 0 0 0 0 0 0 0 0 
VX from QP: 3.45828 3.45945 3.46062 3.46179 3.46296 3.46413 3.4653 3.46647 3.46764 3.4688 3.46997 3.47114 3.4723 3.47347 3.47463 3.4758 
VY from QP: 0 0 0 0 0 0 0 0 0 0 0 0 0 0 0 0 
1
X from QP: -8.90936 -7.57469 -5.97345 -4.07038 -1.86857 0.60108 3.28835 6.13196 9.06761 12.033 14.9731 17.845 20.6173 23.2703 25.7949 28.1886 
Y from QP: 0 0 0 0 0 0 0 0 0 0 0 0 0 0 0 0 
VX from QP: 3.45828 3.45961 3.46093 3.46225 3.46358 3.4649 3.46622 3.46754 3.46886 3.47018 3.4715 3.47282 3.47414 3.47545 3.47677 3.47808 
VY from QP: 0 0 0 0 0 0 0 0 0 0 0 0 0 0 0 0 
Now x by QP is: -8.5447
Now y by QP is: 0
Now vx by QP is: 3.82432
Now vy by QP is: 0
0,0,500,car, x: -8.5447, y: 0, vx: 3.82432, vy: 0, psi_rad: 0,4.67,1.74
1  s_f 15.48  s_b 21.62  t_i 3.6  t_o 5
The formal decision is: 00001 namely is: 1
Final decision is: 00001
The corresponding cost is: -119.927
The cost of the formal decision is: -119.927
Path: 3 2 0 -2 -1 
Total cost: -119.927
V from As: 3.82432 4.82432 5.82432 6.82432 7.49099 8.15766 8.82432 8.82432 8.82432 8.82432 8.15766 7.49099 6.82432 6.49099 6.15766 5.82432
S from Astar: 0 1.44144 3.21622 5.32432 7.71021 10.3183 13.1486 16.0901 19.0315 21.973 24.8033 27.4114 29.7973 32.0165 34.1246 36.1216 
X from Astar: -8.5447 -7.10326 -5.32849 -3.22038 -0.834496 1.77361 4.60394 7.54538 10.4868 13.4283 16.2586 18.8667 21.2526 23.4718 25.5799 27.5769 
Y from Astar: 0 0 0 0 0 0 0 0 0 0 0 0 0 0 0 0 
0
X from QP: -8.5447 -7.10126 -5.39393 -3.38616 -1.08607 1.46691 4.21271 7.08096 10.0012 12.9079 15.7451 18.4717 21.0596 23.4916 25.7606 27.8648 
Y from QP: 0 0 0 0 0 0 0 0 0 0 0 0 0 0 0 0 
VX from QP: 3.82432 3.82552 3.82671 3.82791 3.8291 3.83029 3.83148 3.83267 3.83386 3.83506 3.83625 3.83743 3.83862 3.83981 3.841 3.84219 
VY from QP: 0 0 0 0 0 0 0 0 0 0 0 0 0 0 0 0 
1
X from QP: -8.5447 -7.08501 -5.35835 -3.33538 -1.0272 1.52641 4.26667 7.12535 10.034 12.9289 15.7555 18.4735 21.0554 23.4844 25.7532 27.8603 
Y from QP: 0 0 0 0 0 0 0 0 0 0 0 0 0 0 0 0 
VX from QP: 3.82432 3.82568 3.82703 3.82838 3.82973 3.83108 3.83243 3.83378 3.83513 3.83647 3.83782 3.83916 3.84051 3.84185 3.8432 3.84454 
VY from QP: 0 0 0 0 0 0 0 0 0 0 0 0 0 0 0 0 
Now x by QP is: -8.14307
Now y by QP is: 0
Now vx by QP is: 4.1974
Now vy by QP is: 0
0,0,600,car, x: -8.14307, y: 0, vx: 4.1974, vy: 0, psi_rad: 0,4.67,1.74
1  s_f 15.08  s_b 21.22  t_i 3.5  t_o 5
The formal decision is: 00001 namely is: 1
Final decision is: 00001
The corresponding cost is: -124.119
The cost of the formal decision is: -124.119
Path: 3 1 1 -2 -1 
Total cost: -124.119
V from As: 4.1974 5.1974 6.1974 7.1974 7.53074 7.86407 8.1974 8.53074 8.86407 9.1974 8.53074 7.86407 7.1974 6.86407 6.53074 6.1974
S from Astar: 0 1.5658 3.46494 5.6974 8.15209 10.7179 13.3948 16.1828 19.082 22.0922 25.0469 27.7794 30.2896 32.6332 34.8657 36.987 
X from Astar: -8.14307 -6.57727 -4.67813 -2.44567 0.00902393 2.57482 5.25174 8.03976 10.9389 13.9491 16.9038 19.6363 22.1465 24.4901 26.7226 28.8439 
Y from Astar: 0 0 0 0 0 0 0 0 0 0 0 0 0 0 0 0 
0
X from QP: -8.14307 -6.58978 -4.7965 -2.73109 -0.401268 2.15876 4.89727 7.75388 10.6682 13.5834 16.4507 19.2326 21.9024 24.4434 26.8482 29.1151 
Y from QP: 0 0 0 0 0 0 0 0 0 0 0 0 0 0 0 0 
VX from QP: 4.1974 4.1985 4.19959 4.20068 4.20178 4.20287 4.20396 4.20505 4.20614 4.20723 4.20832 4.20941 4.2105 4.21158 4.21267 4.21376 
VY from QP: 0 0 0 0 0 0 0 0 0 0 0 0 0 0 0 0 
1
X from QP: -8.14307 -6.57325 -4.76031 -2.67945 -0.341388 2.21927 4.95216 7.79903 10.7015 13.6048 16.4612 19.2344 21.8982 24.4361 26.8408 29.1105 
Y from QP: 0 0 0 0 0 0 0 0 0 0 0 0 0 0 0 0 
VX from QP: 4.1974 4.19866 4.19991 4.20117 4.20242 4.20367 4.20492 4.20617 4.20742 4.20867 4.20992 4.21117 4.21241 4.21366 4.21491 4.21615 
VY from QP: 0 0 0 0 0 0 0 0 0 0 0 0 0 0 0 0 
Now x by QP is: -7.70554
Now y by QP is: 0
Now vx by QP is: 4.54275
Now vy by QP is: 0
0,0,700,car, x: -7.70554, y: 0, vx: 4.54275, vy: 0, psi_rad: 0,4.67,1.74
1  s_f 14.64  s_b 20.78  t_i 3.4  t_o 5
The formal decision is: 00001 namely is: 1
Final decision is: 00001
The corresponding cost is: -139.732
The cost of the formal decision is: -139.732
Path: 3 1 0 -1 -1 
Total cost: -139.732
V from As: 4.54275 5.54275 6.54275 7.54275 7.87608 8.20942 8.54275 8.54275 8.54275 8.54275 8.20942 7.87608 7.54275 7.20942 6.87608 6.54275
S from Astar: 0 1.68092 3.69517 6.04275 8.61255 11.2935 14.0855 16.9331 19.7807 22.6282 25.4203 28.1012 30.671 33.1297 35.4773 37.7137 
X from Astar: -7.70554 -6.02463 -4.01038 -1.66279 0.907013 3.58793 6.37996 9.22754 12.0751 14.9227 17.7147 20.3956 22.9655 25.4241 27.7717 30.0082 
Y from Astar: 0 0 0 0 0 0 0 0 0 0 0 0 0 0 0 0 
0
X from QP: -7.70554 -6.03782 -4.13428 -1.9678 0.44853 3.07594 5.85998 8.74024 11.6601 14.5691 17.426 20.2012 22.8752 25.4365 27.8804 30.2056 
Y from QP: 0 0 0 0 0 0 0 0 0 0 0 0 0 0 0 0 
VX from QP: 4.54275 4.54384 4.54494 4.54603 4.54712 4.54821 4.5493 4.55039 4.55148 4.55257 4.55366 4.55475 4.55584 4.55692 4.55801 4.5591 
VY from QP: 0 0 0 0 0 0 0 0 0 0 0 0 0 0 0 0 
1
X from QP: -7.70554 -6.02256 -4.10085 -1.9201 0.503832 3.13183 5.91067 8.78193 11.6909 14.5888 17.4357 20.2029 22.8713 25.4298 27.8735 30.2014 
Y from QP: 0 0 0 0 0 0 0 0 0 0 0 0 0 0 0 0 
VX from QP: 4.54275 4.54399 4.54523 4.54647 4.54771 4.54895 4.55019 4.55143 4.55267 4.5539 4.55514 4.55637 4.55761 4.55884 4.56008 4.56131 
VY from QP: 0 0 0 0 0 0 0 0 0 0 0 0 0 0 0 0 
Now x by QP is: -7.23366
Now y by QP is: 0
Now vx by QP is: 4.88443
Now vy by QP is: 0
0,0,800,car, x: -7.23366, y: 0, vx: 4.88443, vy: 0, psi_rad: 0,4.67,1.74
1  s_f 14.17  s_b 20.31  t_i 3.3  t_o 5
The formal decision is: 00001 namely is: 1
Final decision is: 00001
The corresponding cost is: -144.249
The cost of the formal decision is: -144.249
Path: 3 1 -1 -1 -1 
Total cost: -144.249
V from As: 4.88443 5.88443 6.88443 7.88443 8.21777 8.5511 8.88443 8.5511 8.21777 7.88443 7.5511 7.21777 6.88443 6.5511 6.21777 5.88443
S from Astar: 0 1.79481 3.92296 6.38443 9.06813 11.8629 14.7689 17.6748 20.4696 23.1533 25.7259 28.1874 30.5377 32.777 34.9051 36.9222 
X from Astar: -7.23366 -5.43885 -3.31071 -0.84923 1.83447 4.62928 7.5352 10.4411 13.2359 15.9196 18.4922 20.9537 23.3041 25.5433 27.6715 29.6885 
Y from Astar: 0 0 0 0 0 0 0 0 0 0 0 0 0 0 0 0 
0
X from QP: -7.23366 -5.4495 -3.4292 -1.15137 1.36298 4.06621 6.89528 9.78276 12.6678 15.4985 18.2341 20.8477 23.3232 25.6525 27.8325 29.8629 
Y from QP: 0 0 0 0 0 0 0 0 0 0 0 0 0 0 0 0 
VX from QP: 4.88443 4.88555 4.88667 4.88778 4.8889 4.89001 4.89113 4.89224 4.89335 4.89447 4.89558 4.89669 4.8978 4.89891 4.90002 4.90113 
VY from QP: 0 0 0 0 0 0 0 0 0 0 0 0 0 0 0 0 
1
X from QP: -7.23366 -5.43441 -3.39616 -1.10421 1.41766 4.12147 6.9454 9.82398 12.6983 15.5179 18.2436 20.8493 23.3193 25.6458 27.8257 29.8588 
Y from QP: 0 0 0 0 0 0 0 0 0 0 0 0 0 0 0 0 
VX from QP: 4.88443 4.8857 4.88696 4.88822 4.88949 4.89075 4.89201 4.89327 4.89453 4.89578 4.89704 4.8983 4.89955 4.90081 4.90206 4.90332 
VY from QP: 0 0 0 0 0 0 0 0 0 0 0 0 0 0 0 0 
Now x by QP is: -6.72733
Now y by QP is: 0
Now vx by QP is: 5.23163
Now vy by QP is: 0
0,0,900,car, x: -6.72733, y: 0, vx: 5.23163, vy: 0, psi_rad: 0,4.67,1.74
1  s_f 13.66  s_b 19.8  t_i 3.2  t_o 5
The formal decision is: 00001 namely is: 1
Final decision is: 00001
The corresponding cost is: -149.54
The cost of the formal decision is: -149.54
Path: 3 0 0 -1 -1 
Total cost: -149.54
V from As: 5.23163 6.23163 7.23163 8.23163 8.23163 8.23163 8.23163 8.23163 8.23163 8.23163 7.8983 7.56496 7.23163 6.8983 6.56496 6.23163
S from Astar: 0 1.91054 4.15442 6.73163 9.47551 12.2194 14.9633 17.7071 20.451 23.1949 25.8832 28.4604 30.9265 33.2815 35.5254 37.6581 
X from Astar: -6.72733 -4.81678 -2.57291 0.00430308 2.74818 5.49206 8.23593 10.9798 13.7237 16.4676 19.1559 21.7331 24.1992 26.5542 28.7981 30.9308 
Y from Astar: 0 0 0 0 0 0 0 0 0 0 0 0 0 0 0 0 
0
X from QP: -6.72733 -4.84195 -2.74432 -0.417487 2.11797 4.81962 7.63278 10.5 13.3704 16.201 18.9581 21.6183 24.1672 26.5968 28.9041 31.0885 
Y from QP: 0 0 0 0 0 0 0 0 0 0 0 0 0 0 0 0 
VX from QP: 5.23163 5.23265 5.23366 5.23468 5.23569 5.23671 5.23772 5.23873 5.23974 5.24076 5.24177 5.24278 5.24379 5.2448 5.24581 5.24682 
VY from QP: 0 0 0 0 0 0 0 0 0 0 0 0 0 0 0 0 
1
X from QP: -6.72733 -4.82664 -2.7108 -0.369642 2.17345 4.87568 7.68362 10.5418 13.4013 16.2208 18.9678 21.62 24.1633 26.59 28.8972 31.0843 
Y from QP: 0 0 0 0 0 0 0 0 0 0 0 0 0 0 0 0 
VX from QP: 5.23163 5.23279 5.23396 5.23512 5.23629 5.23745 5.23861 5.23977 5.24093 5.24209 5.24325 5.24441 5.24557 5.24672 5.24788 5.24904 
VY from QP: 0 0 0 0 0 0 0 0 0 0 0 0 0 0 0 0 
Now x by QP is: -6.18769
Now y by QP is: 0
Now vx by QP is: 5.55095
Now vy by QP is: 0
0,1,1000,car, x: -6.18769, y: 0, vx: 5.55095, vy: 0, psi_rad: 0,4.67,1.74
1  s_f 13.12  s_b 19.26  t_i 3.1  t_o 5
The formal decision is: 00001 namely is: 1
Final decision is: 00001
The corresponding cost is: -153.546
The cost of the formal decision is: -153.546
Path: 3 0 -1 -1 -1 
Total cost: -153.546
V from As: 5.55095 6.55095 7.55095 8.55095 8.55095 8.55095 8.55095 8.21762 7.88428 7.55095 7.21762 6.88428 6.55095 6.21762 5.88428 5.55095
S from Astar: 0 2.01698 4.3673 7.05095 9.90127 12.7516 15.6019 18.3967 21.0803 23.6528 26.1143 28.4646 30.7038 32.8319 34.8489 36.7547 
X from Astar: -6.18769 -4.17071 -1.82039 0.863257 3.71357 6.56389 9.41421 12.209 14.8926 17.4652 19.9266 22.2769 24.5161 26.6442 28.6612 30.5671 
Y from Astar: 0 0 0 0 0 0 0 0 0 0 0 0 0 0 0 0 
0
X from QP: -6.18769 -4.19333 -1.9864 0.444328 3.07036 5.84037 8.6911 11.5581 14.3863 17.1311 19.7594 22.2505 24.5935 26.7836 28.8196 30.7017 
Y from QP: 0 0 0 0 0 0 0 0 0 0 0 0 0 0 0 0 
VX from QP: 5.55095 5.55199 5.55303 5.55407 5.5551 5.55614 5.55718 5.55821 5.55925 5.56029 5.56132 5.56235 5.56339 5.56442 5.56545 5.56649 
VY from QP: 0 0 0 0 0 0 0 0 0 0 0 0 0 0 0 0 
1
X from QP: -6.18769 -4.17928 -1.95566 0.488206 3.12123 5.89178 8.73773 11.5964 14.4146 17.1492 19.7683 22.2521 24.5899 26.7774 28.8133 30.6979 
Y from QP: 0 0 0 0 0 0 0 0 0 0 0 0 0 0 0 0 
VX from QP: 5.55095 5.55213 5.5533 5.55448 5.55565 5.55682 5.558 5.55917 5.56034 5.56151 5.56268 5.56385 5.56502 5.56619 5.56735 5.56852 
VY from QP: 0 0 0 0 0 0 0 0 0 0 0 0 0 0 0 0 
Now x by QP is: -5.61598
Now y by QP is: 0
Now vx by QP is: 5.87313
Now vy by QP is: 0
0,1,1100,car, x: -5.61598, y: 0, vx: 5.87313, vy: 0, psi_rad: 0,4.67,1.74
1  s_f 12.55  s_b 18.69  t_i 3  t_o 5
The formal decision is: 00001 namely is: 1
Final decision is: 00001
The corresponding cost is: -149.009
The cost of the formal decision is: -149.009
Path: 2 1 0 -2 -1 
Total cost: -149.009
V from As: 5.87313 6.53979 7.20646 7.87313 8.20646 8.53979 8.87313 8.87313 8.87313 8.87313 8.20646 7.53979 6.87313 6.53979 6.20646 5.87313
S from Astar: 0 2.06882 4.35986 6.87313 9.55306 12.3441 15.2463 18.204 21.1617 24.1194 26.966 29.5904 31.9925 34.228 36.3524 38.3656 
X from Astar: -5.61598 -3.54716 -1.25611 1.25715 3.93708 6.72813 9.63028 12.588 15.5457 18.5034 21.35 23.9744 26.3765 28.612 30.7364 32.7497 
Y from Astar: 0 0 0 0 0 0 0 0 0 0 0 0 0 0 0 0 
0
X from QP: -5.61598 -3.54737 -1.30721 1.12521 3.74029 6.50742 9.38211 12.313 15.2488 18.1415 20.9502 23.6447 26.204 28.6155 30.8742 32.979 
Y from QP: 0 0 0 0 0 0 0 0 0 0 0 0 0 0 0 0 
VX from QP: 5.87313 5.87392 5.8747 5.87549 5.87628 5.87707 5.87785 5.87864 5.87942 5.88021 5.88099 5.88178 5.88256 5.88335 5.88413 5.88491 
VY from QP: 0 0 0 0 0 0 0 0 0 0 0 0 0 0 0 0 
1
X from QP: -5.61598 -3.53322 -1.27621 1.16945 3.79159 6.55926 9.42913 12.3517 15.2773 18.1597 20.9592 23.6462 26.2004 28.6093 30.8678 32.9751 
Y from QP: 0 0 0 0 0 0 0 0 0 0 0 0 0 0 0 0 
VX from QP: 5.87313 5.87405 5.87498 5.8759 5.87683 5.87775 5.87868 5.8796 5.88052 5.88144 5.88236 5.88329 5.88421 5.88513 5.88604 5.88696 
VY from QP: 0 0 0 0 0 0 0 0 0 0 0 0 0 0 0 0 
Now x by QP is: -5.01556
Now y by QP is: 0
Now vx by QP is: 6.12727
Now vy by QP is: 0
0,1,1200,car, x: -5.01556, y: 0, vx: 6.12727, vy: 0, psi_rad: 0,4.67,1.74
1  s_f 11.95  s_b 18.09  t_i 2.9  t_o 5
The formal decision is: 00001 namely is: 1
Final decision is: 00001
The corresponding cost is: -164.828
The cost of the formal decision is: -164.828
Path: 2 1 -2 -1 -1 
Total cost: -164.828
V from As: 6.12727 6.79393 7.4606 8.12727 8.4606 8.79393 9.12727 8.4606 7.79393 7.12727 6.79393 6.4606 6.12727 5.79393 5.4606 5.12727
S from Astar: 0 2.15353 4.52929 7.12727 9.89191 12.7677 15.7545 18.6858 21.3949 23.8818 26.202 28.4111 30.5091 32.4959 34.3717 36.1363 
X from Astar: -5.01556 -2.86203 -0.486271 2.11171 4.87635 7.75211 10.739 13.6703 16.3794 18.8662 21.1864 23.3955 25.4935 27.4804 29.3561 31.1208 
Y from Astar: 0 0 0 0 0 0 0 0 0 0 0 0 0 0 0 0 
0
X from QP: -5.01556 -2.86039 -0.537499 1.96305 4.61836 7.3844 10.2053 13.0228 15.7851 18.4489 20.9816 23.3634 25.5842 27.6398 29.5293 31.2534 
Y from QP: 0 0 0 0 0 0 0 0 0 0 0 0 0 0 0 0 
VX from QP: 6.12727 6.12808 6.12889 6.1297 6.13051 6.13132 6.13213 6.13294 6.13375 6.13455 6.13536 6.13617 6.13698 6.13778 6.13859 6.13939 
VY from QP: 0 0 0 0 0 0 0 0 0 0 0 0 0 0 0 0 
1
X from QP: -5.01556 -2.84919 -0.51299 1.99803 4.65891 7.42538 10.2425 13.0534 15.8076 18.4633 20.9887 23.3647 25.5813 27.6348 29.5243 31.2503 
Y from QP: 0 0 0 0 0 0 0 0 0 0 0 0 0 0 0 0 
VX from QP: 6.12727 6.12819 6.12911 6.13003 6.13094 6.13186 6.13278 6.1337 6.13461 6.13553 6.13645 6.13736 6.13828 6.13919 6.1401 6.14102 
VY from QP: 0 0 0 0 0 0 0 0 0 0 0 0 0 0 0 0 
Now x by QP is: -4.38982
Now y by QP is: 0
Now vx by QP is: 6.37956
Now vy by QP is: 0
0,1,1300,car, x: -4.38982, y: 0, vx: 6.37956, vy: 0, psi_rad: 0,4.67,1.74
1  s_f 11.32  s_b 17.46  t_i 2.8  t_o 5
The formal decision is: 00001 namely is: 1
Final decision is: 00001
The corresponding cost is: -167.579
The cost of the formal decision is: -167.579
Path: 2 0 0 -1 -1 
Total cost: -167.579
V from As: 6.37956 7.04622 7.71289 8.37956 8.37956 8.37956 8.37956 8.37956 8.37956 8.37956 8.04622 7.71289 7.37956 7.04622 6.71289 6.37956
S from Astar: 0 2.23763 4.69748 7.37956 10.1727 12.9659 15.7591 18.5523 21.3455 24.1387 26.8763 29.5028 32.0182 34.4225 36.7157 38.8978 
X from Astar: -4.38982 -2.15219 0.307662 2.98974 5.78292 8.57611 11.3693 14.1625 16.9557 19.7489 22.4865 25.113 27.6284 30.0327 32.3259 34.508 
Y from Astar: 0 0 0 0 0 0 0 0 0 0 0 0 0 0 0 0 
0
X from QP: -4.38982 -2.16761 0.198104 2.71857 5.37923 8.15012 10.9924 13.8646 16.7293 19.5536 22.3114 24.9838 27.5586 30.0288 32.3917 34.6468 
Y from QP: 0 0 0 0 0 0 0 0 0 0 0 0 0 0 0 0 
VX from QP: 6.37956 6.38024 6.38093 6.38162 6.3823 6.38299 6.38367 6.38436 6.38504 6.38573 6.38641 6.3871 6.38778 6.38846 6.38915 6.38983 
VY from QP: 0 0 0 0 0 0 0 0 0 0 0 0 0 0 0 0 
1
X from QP: -4.38982 -2.15652 0.222404 2.75325 5.41943 8.19075 11.0292 13.8949 16.7516 19.5679 22.3184 24.985 27.5558 30.0239 32.3867 34.6438 
Y from QP: 0 0 0 0 0 0 0 0 0 0 0 0 0 0 0 0 
VX from QP: 6.37956 6.38035 6.38115 6.38194 6.38274 6.38353 6.38432 6.38511 6.38591 6.3867 6.38749 6.38828 6.38907 6.38986 6.39065 6.39144 
VY from QP: 0 0 0 0 0 0 0 0 0 0 0 0 0 0 0 0 
Now x by QP is: -3.74063
Now y by QP is: 0
Now vx by QP is: 6.59729
Now vy by QP is: 0
0,1,1400,car, x: -3.74063, y: 0, vx: 6.59729, vy: 0, psi_rad: 0,4.67,1.74
1  s_f 10.68  s_b 16.82  t_i 2.7  t_o 5
The formal decision is: 00001 namely is: 1
Final decision is: 00001
The corresponding cost is: -176.519
The cost of the formal decision is: -176.519
Path: 2 0 -1 -1 -1 
Total cost: -176.519
V from As: 6.59729 7.26395 7.93062 8.59729 8.59729 8.59729 8.59729 8.26395 7.93062 7.59729 7.26395 6.93062 6.59729 6.26395 5.93062 5.59729
S from Astar: 0 2.31021 4.84264 7.59729 10.463 13.3288 16.1946 19.0048 21.7039 24.2919 26.7687 29.1345 31.3891 33.5327 35.5651 37.4864 
X from Astar: -3.74063 -1.43042 1.102 3.85666 6.72242 9.58818 12.4539 15.2641 17.9632 20.5512 23.0281 25.3939 27.6485 29.7921 31.8245 33.7458 
Y from Astar: 0 0 0 0 0 0 0 0 0 0 0 0 0 0 0 0 
0
X from QP: -3.74063 -1.4433 0.997854 3.58835 6.30571 9.1111 11.9571 14.7952 17.5838 20.2885 22.8836 25.3531 27.6881 29.8849 31.9427 33.8617 
Y from QP: 0 0 0 0 0 0 0 0 0 0 0 0 0 0 0 0 
VX from QP: 6.59729 6.598 6.59871 6.59942 6.60013 6.60084 6.60154 6.60225 6.60296 6.60367 6.60437 6.60508 6.60579 6.60649 6.6072 6.60791 
VY from QP: 0 0 0 0 0 0 0 0 0 0 0 0 0 0 0 0 
1
X from QP: -3.74063 -1.43373 1.0188 3.61824 6.34037 9.14612 11.9888 14.8214 17.6031 20.3008 22.8897 25.3541 27.6857 29.8807 31.9384 33.859 
Y from QP: 0 0 0 0 0 0 0 0 0 0 0 0 0 0 0 0 
VX from QP: 6.59729 6.59809 6.59889 6.5997 6.6005 6.6013 6.6021 6.6029 6.6037 6.6045 6.6053 6.6061 6.6069 6.6077 6.60849 6.60929 
VY from QP: 0 0 0 0 0 0 0 0 0 0 0 0 0 0 0 0 
Now x by QP is: -3.06955
Now y by QP is: 0
Now vx by QP is: 6.81724
Now vy by QP is: 0
0,1,1500,car, x: -3.06955, y: 0, vx: 6.81724, vy: 0, psi_rad: 0,4.67,1.74
1  s_f 10  s_b 16.14  t_i 2.6  t_o 5
The formal decision is: 00001 namely is: 1
Final decision is: 00001
The corresponding cost is: -171.875
The cost of the formal decision is: -171.875
Path: 2 0 -2 -1 0 
Total cost: -171.875
V from As: 6.81724 7.4839 8.15057 8.81724 8.81724 8.81724 8.81724 8.15057 7.4839 6.81724 6.4839 6.15057 5.81724 5.81724 5.81724 5.81724
S from Astar: 0 2.38352 4.98927 7.81724 10.7563 13.6954 16.6345 19.4624 22.0682 24.4517 26.6686 28.7743 30.7689 32.708 34.6471 36.5862 
X from Astar: -3.06955 -0.686028 1.91972 4.74768 7.68676 10.6258 13.5649 16.3929 18.9986 21.3822 23.599 25.7048 27.6994 29.6385 31.5775 33.5166 
Y from Astar: 0 0 0 0 0 0 0 0 0 0 0 0 0 0 0 0 
0
X from QP: -3.06955 -0.697177 1.81776 4.47459 7.24291 10.0756 12.9181 15.7171 18.4301 21.0249 23.481 25.7895 27.9492 29.9626 31.8321 33.559 
Y from QP: 0 0 0 0 0 0 0 0 0 0 0 0 0 0 0 0 
VX from QP: 6.81724 6.81796 6.81869 6.81942 6.82015 6.82087 6.8216 6.82233 6.82305 6.82378 6.8245 6.82523 6.82595 6.82668 6.8274 6.82812 
VY from QP: 0 0 0 0 0 0 0 0 0 0 0 0 0 0 0 0 
1
X from QP: -3.06955 -0.68752 1.8389 4.50477 7.2779 10.111 12.9502 15.7435 18.4495 21.0374 23.4871 25.7905 27.9467 29.9584 31.8277 33.5563 
Y from QP: 0 0 0 0 0 0 0 0 0 0 0 0 0 0 0 0 
VX from QP: 6.81724 6.81806 6.81888 6.8197 6.82052 6.82134 6.82216 6.82298 6.8238 6.82462 6.82544 6.82626 6.82707 6.82789 6.82871 6.82952 
VY from QP: 0 0 0 0 0 0 0 0 0 0 0 0 0 0 0 0 
Now x by QP is: -2.37623
Now y by QP is: 0
Now vx by QP is: 7.04178
Now vy by QP is: 0
0,1,1600,car, x: -2.37623, y: 0, vx: 7.04178, vy: 0, psi_rad: 0,4.67,1.74
1  s_f 9.31  s_b 15.45  t_i 2.5  t_o 5
The formal decision is: 00001 namely is: 1
Final decision is: 00001
The corresponding cost is: -183.32
The cost of the formal decision is: -183.32
Path: 2 -1 -1 -1 -1 
Total cost: -183.32
V from As: 7.04178 7.70844 8.37511 9.04178 8.70844 8.37511 8.04178 7.70844 7.37511 7.04178 6.70844 6.37511 6.04178 5.70844 5.37511 5.04178
S from Astar: 0 2.45837 5.13896 8.04178 11.0001 13.8474 16.5836 19.2086 21.7225 24.1253 26.417 28.5976 30.6671 32.6255 34.4727 36.2089 
X from Astar: -2.37623 0.0821412 2.76273 5.66555 8.62392 11.4712 14.2073 16.8324 19.3463 21.7491 24.0408 26.2214 28.2909 30.2493 32.0965 33.8327 
Y from Astar: 0 0 0 0 0 0 0 0 0 0 0 0 0 0 0 0 
0
X from QP: -2.37623 0.0573014 2.61107 5.28046 8.03549 10.8337 13.6273 16.3709 19.0286 21.5734 23.9872 26.2603 28.3887 30.3724 32.2121 33.9088 
Y from QP: 0 0 0 0 0 0 0 0 0 0 0 0 0 0 0 0 
VX from QP: 7.04178 7.04241 7.04304 7.04368 7.04431 7.04494 7.04557 7.0462 7.04683 7.04746 7.04809 7.04872 7.04935 7.04998 7.05061 7.05124 
VY from QP: 0 0 0 0 0 0 0 0 0 0 0 0 0 0 0 0 
1
X from QP: -2.37623 0.067129 2.63259 5.31117 8.0711 10.8696 13.6599 16.3978 19.0484 21.5861 23.9935 26.2613 28.3862 30.368 32.2077 33.9061 
Y from QP: 0 0 0 0 0 0 0 0 0 0 0 0 0 0 0 0 
VX from QP: 7.04178 7.04251 7.04323 7.04396 7.04469 7.04542 7.04614 7.04687 7.04759 7.04832 7.04904 7.04977 7.05049 7.05121 7.05194 7.05266 
VY from QP: 0 0 0 0 0 0 0 0 0 0 0 0 0 0 0 0 
Now x by QP is: -1.6618
Now y by QP is: 0
Now vx by QP is: 7.23988
Now vy by QP is: 0
0,1,1700,car, x: -1.6618, y: 0, vx: 7.23988, vy: 0, psi_rad: 0,4.67,1.74
1  s_f 8.6  s_b 14.74  t_i 2.4  t_o 5
The formal decision is: 00001 namely is: 1
Final decision is: 00001
The corresponding cost is: -178.076
The cost of the formal decision is: -178.076
Path: 2 -1 -2 -1 0 
Total cost: -178.076
V from As: 7.23988 7.90655 8.57322 9.23988 8.90655 8.57322 8.23988 7.57322 6.90655 6.23988 5.90655 5.57322 5.23988 5.23988 5.23988 5.23988
S from Astar: 0 2.52441 5.27103 8.23988 11.2643 14.1776 16.9798 19.6153 22.0286 24.2197 26.2441 28.1574 29.9595 31.7062 33.4528 35.1994 
X from Astar: -1.6618 0.862602 3.60923 6.57808 9.60249 12.5158 15.318 17.9535 20.3668 22.5578 24.5823 26.4955 28.2977 30.0444 31.791 33.5376 
Y from Astar: 0 0 0 0 0 0 0 0 0 0 0 0 0 0 0 0 
0
X from QP: -1.6618 0.839488 3.45976 6.1882 8.98691 11.8051 14.588 17.2852 19.86 22.2877 24.5552 26.6599 28.6058 30.3988 32.0429 33.5402 
Y from QP: 0 0 0 0 0 0 0 0 0 0 0 0 0 0 0 0 
VX from QP: 7.23988 7.24054 7.24119 7.24184 7.24249 7.24314 7.24378 7.24443 7.24508 7.24573 7.24638 7.24702 7.24767 7.24832 7.24896 7.24961 
VY from QP: 0 0 0 0 0 0 0 0 0 0 0 0 0 0 0 0 
1
X from QP: -1.6618 0.848114 3.47864 6.21516 9.01816 11.8367 14.6166 17.3088 19.8774 22.2988 24.5607 26.6609 28.6036 30.395 32.039 33.5378 
Y from QP: 0 0 0 0 0 0 0 0 0 0 0 0 0 0 0 0 
VX from QP: 7.23988 7.24062 7.24135 7.24209 7.24282 7.24355 7.24429 7.24502 7.24575 7.24648 7.24721 7.24794 7.24867 7.2494 7.25013 7.25086 
VY from QP: 0 0 0 0 0 0 0 0 0 0 0 0 0 0 0 0 
Now x by QP is: -0.927487
Now y by QP is: 0
Now vx by QP is: 7.43946
Now vy by QP is: 0
0,1,1800,car, x: -0.927487, y: 0, vx: 7.43946, vy: 0, psi_rad: 0,4.67,1.74
1  s_f 7.86  s_b 14  t_i 2.3  t_o 5
The formal decision is: 00001 namely is: 1
Final decision is: 00001
The corresponding cost is: -180.093
The cost of the formal decision is: -180.093
Path: 2 -2 -1 -1 0 
Total cost: -180.093
V from As: 7.43946 8.10612 8.77279 9.43946 8.77279 8.10612 7.43946 7.10612 6.77279 6.43946 6.10612 5.77279 5.43946 5.43946 5.43946 5.43946
S from Astar: 0 2.59093 5.40408 8.43946 11.4748 14.288 16.8789 19.3032 21.6163 23.8184 25.9093 27.8891 29.7578 31.571 33.3841 35.1973 
X from Astar: -0.927487 1.66344 4.4766 7.51197 10.5473 13.3605 15.9514 18.3757 20.6888 22.8909 24.9818 26.9616 28.8303 30.6435 32.4566 34.2698 
Y from Astar: 0 0 0 0 0 0 0 0 0 0 0 0 0 0 0 0 
0
X from QP: -0.927487 1.62581 4.2742 7.00245 9.77306 12.5405 15.2582 17.886 20.3969 22.7754 25.0151 27.1173 29.0873 30.9314 32.6536 34.2556 
Y from QP: 0 0 0 0 0 0 0 0 0 0 0 0 0 0 0 0 
VX from QP: 7.43946 7.44001 7.44056 7.44111 7.44166 7.4422 7.44275 7.4433 7.44385 7.4444 7.44494 7.44549 7.44604 7.44658 7.44713 7.44767 
VY from QP: 0 0 0 0 0 0 0 0 0 0 0 0 0 0 0 0 
1
X from QP: -0.927487 1.63449 4.2932 7.02956 9.80449 12.5722 15.287 17.9097 20.4144 22.7866 25.0206 27.1183 29.0851 30.9276 32.6497 34.2533 
Y from QP: 0 0 0 0 0 0 0 0 0 0 0 0 0 0 0 0 
VX from QP: 7.43946 7.44009 7.44073 7.44136 7.44199 7.44263 7.44326 7.44389 7.44452 7.44515 7.44578 7.44641 7.44704 7.44767 7.4483 7.44893 
VY from QP: 0 0 0 0 0 0 0 0 0 0 0 0 0 0 0 0 
Now x by QP is: -0.174657
Now y by QP is: 0
Now vx by QP is: 7.61075
Now vy by QP is: 0
0,1,1900,car, x: -0.174657, y: 0, vx: 7.61075, vy: 0, psi_rad: 0,4.67,1.74
1  s_f 7.11  s_b 13.25  t_i 2.2  t_o 5
The formal decision is: 00001 namely is: 1
Final decision is: 00001
The corresponding cost is: -195.369
The cost of the formal decision is: -195.369
Path: 1 0 -2 -1 0 
Total cost: -195.369
V from As: 7.61075 7.94408 8.27741 8.61075 8.61075 8.61075 8.61075 7.94408 7.27741 6.61075 6.27741 5.94408 5.61075 5.61075 5.61075 5.61075
S from Astar: 0 2.59247 5.29605 8.11075 10.981 13.8512 16.7215 19.4806 22.0175 24.3322 26.4803 28.5172 30.443 32.3132 34.1835 36.0537 
X from Astar: -0.174657 2.41781 5.1214 7.93609 10.8063 13.6766 16.5468 19.306 21.8429 24.1576 26.3056 28.3425 30.2683 32.1386 34.0088 35.8791 
Y from Astar: 0 0 0 0 0 0 0 0 0 0 0 0 0 0 0 0 
0
X from QP: -0.174657 2.41641 5.0813 7.81362 10.589 13.3728 16.1263 18.8122 21.4012 23.8716 26.2103 28.4128 30.4803 32.4162 34.2232 35.9026 
Y from QP: 0 0 0 0 0 0 0 0 0 0 0 0 0 0 0 0 
VX from QP: 7.61075 7.61115 7.61155 7.61195 7.61234 7.61274 7.61314 7.61354 7.61394 7.61433 7.61473 7.61513 7.61553 7.61592 7.61632 7.61672 
VY from QP: 0 0 0 0 0 0 0 0 0 0 0 0 0 0 0 0 
1
X from QP: -0.174657 2.4238 5.09748 7.83672 10.6158 13.3999 16.1508 18.8324 21.4161 23.8812 26.215 28.4136 30.4784 32.413 34.2198 35.9006 
Y from QP: 0 0 0 0 0 0 0 0 0 0 0 0 0 0 0 0 
VX from QP: 7.61075 7.61122 7.61169 7.61216 7.61263 7.6131 7.61357 7.61404 7.61451 7.61498 7.61545 7.61592 7.61638 7.61685 7.61732 7.61779 
VY from QP: 0 0 0 0 0 0 0 0 0 0 0 0 0 0 0 0 
Now x by QP is: 0.593031
Now y by QP is: 0
Now vx by QP is: 7.73841
Now vy by QP is: 0
0,2,2000,car, x: 0.593031, y: 0, vx: 7.73841, vy: 0, psi_rad: 0,4.67,1.74
1  s_f 6.34  s_b 12.48  t_i 2.1  t_o 5
The formal decision is: 00001 namely is: 1
Final decision is: 00001
The corresponding cost is: -190.168
The cost of the formal decision is: -190.168
Path: 1 0 -2 -1 0 
Total cost: -190.168
V from As: 7.73841 8.07174 8.40508 8.73841 8.73841 8.73841 8.73841 8.07174 7.40508 6.73841 6.40508 6.07174 5.73841 5.73841 5.73841 5.73841
S from Astar: 0 2.63503 5.38116 8.23841 11.1512 14.064 16.9768 19.7785 22.358 24.7152 26.9058 28.9853 30.9536 32.8664 34.7792 36.692 
X from Astar: 0.593031 3.22806 5.97419 8.83144 11.7442 14.657 17.5698 20.3715 22.951 25.3083 27.4988 29.5783 31.5467 33.4595 35.3723 37.2851 
Y from Astar: 0 0 0 0 0 0 0 0 0 0 0 0 0 0 0 0 
0
X from QP: 0.593031 3.22665 5.93409 8.70897 11.5269 14.3533 17.1493 19.8778 22.5093 25.0223 27.4035 29.6486 31.7587 33.7371 35.5866 37.3086 
Y from QP: 0 0 0 0 0 0 0 0 0 0 0 0 0 0 0 0 
VX from QP: 7.73841 7.73881 7.73921 7.73961 7.74001 7.7404 7.7408 7.7412 7.7416 7.742 7.74239 7.74279 7.74319 7.74358 7.74398 7.74438 
VY from QP: 0 0 0 0 0 0 0 0 0 0 0 0 0 0 0 0 
1
X from QP: 0.593031 3.23218 5.9462 8.72626 11.5469 14.3735 17.1676 19.8929 22.5205 25.0294 27.4071 29.6492 31.7572 33.7347 35.5841 37.3071 
Y from QP: 0 0 0 0 0 0 0 0 0 0 0 0 0 0 0 0 
VX from QP: 7.73841 7.73886 7.73932 7.73977 7.74022 7.74067 7.74112 7.74158 7.74203 7.74248 7.74293 7.74338 7.74383 7.74428 7.74473 7.74518 
VY from QP: 0 0 0 0 0 0 0 0 0 0 0 0 0 0 0 0 
Now x by QP is: 1.37324
Now y by QP is: 0
Now vx by QP is: 7.86157
Now vy by QP is: 0
0,2,2100,car, x: 1.37324, y: 0, vx: 7.86157, vy: 0, psi_rad: 0,4.67,1.74
1  s_f 5.56  s_b 11.7  t_i 2  t_o 5
The formal decision is: 00001 namely is: 1
Final decision is: 00001
The corresponding cost is: -206.888
The cost of the formal decision is: -206.888
Path: 1 -1 -2 -1 0 
Total cost: -206.888
V from As: 7.86157 8.19491 8.52824 8.86157 8.52824 8.19491 7.86157 7.19491 6.52824 5.86157 5.52824 5.19491 4.86157 4.86157 4.86157 4.86157
S from Astar: 0 2.67608 5.46327 8.36157 11.2599 14.0471 16.7231 19.2326 21.5197 23.5847 25.483 27.2702 28.9463 30.5668 32.1873 33.8079 
X from Astar: 1.37324 4.04932 6.83652 9.73482 12.6331 15.4203 18.0964 20.6058 22.893 24.958 26.8563 28.6435 30.3195 31.9401 33.5606 35.1811 
Y from Astar: 0 0 0 0 0 0 0 0 0 0 0 0 0 0 0 0 
0
X from QP: 1.37324 4.03595 6.7489 9.49557 12.2441 14.9561 17.5926 20.1195 22.5131 24.7591 26.8519 28.7934 30.5898 32.248 33.7723 35.1649 
Y from QP: 0 0 0 0 0 0 0 0 0 0 0 0 0 0 0 0 
VX from QP: 7.86157 7.86189 7.86222 7.86254 7.86286 7.86318 7.8635 7.86382 7.86414 7.86446 7.86478 7.8651 7.86542 7.86574 7.86606 7.86638 
VY from QP: 0 0 0 0 0 0 0 0 0 0 0 0 0 0 0 0 
1
X from QP: 1.37324 4.04131 6.76063 9.51231 12.2635 14.9757 17.6104 20.1341 22.5239 24.766 26.8553 28.794 30.5884 32.2456 33.7699 35.1634 
Y from QP: 0 0 0 0 0 0 0 0 0 0 0 0 0 0 0 0 
VX from QP: 7.86157 7.86195 7.86232 7.86269 7.86307 7.86344 7.86381 7.86419 7.86456 7.86493 7.8653 7.86567 7.86604 7.86642 7.86679 7.86716 
VY from QP: 0 0 0 0 0 0 0 0 0 0 0 0 0 0 0 0 
Now x by QP is: 2.16462
Now y by QP is: 0
Now vx by QP is: 7.96184
Now vy by QP is: 0
0,2,2200,car, x: 2.16462, y: 0, vx: 7.96184, vy: 0, psi_rad: 0,4.67,1.74
1  s_f 4.77  s_b 10.91  t_i 1.9  t_o 5
The formal decision is: 00001 namely is: 1
Final decision is: 00001
The corresponding cost is: -203.366
The cost of the formal decision is: -203.366
Path: 1 -1 -2 -1 0 
Total cost: -203.366
V from As: 7.96184 8.29517 8.62851 8.96184 8.62851 8.29517 7.96184 7.29517 6.62851 5.96184 5.62851 5.29517 4.96184 4.96184 4.96184 4.96184
S from Astar: 0 2.7095 5.53012 8.46184 11.3936 14.2142 16.9237 19.4665 21.7871 23.8855 25.8172 27.6379 29.3474 31.0013 32.6553 34.3092 
X from Astar: 2.16462 4.87412 7.69473 10.6265 13.5582 16.3788 19.0883 21.6311 23.9517 26.0501 27.9819 29.8025 31.512 33.1659 34.8199 36.4738 
Y from Astar: 0 0 0 0 0 0 0 0 0 0 0 0 0 0 0 0 
0
X from QP: 2.16462 4.86075 7.60712 10.3872 13.1691 15.9146 18.5845 21.1448 23.5718 25.8513 27.9775 29.9524 31.7822 33.4738 35.0316 36.4576 
Y from QP: 0 0 0 0 0 0 0 0 0 0 0 0 0 0 0 0 
VX from QP: 7.96184 7.96216 7.96248 7.96281 7.96313 7.96345 7.96377 7.96409 7.96441 7.96473 7.96505 7.96537 7.96569 7.96601 7.96633 7.96665 
VY from QP: 0 0 0 0 0 0 0 0 0 0 0 0 0 0 0 0 
1
X from QP: 2.16462 4.86503 7.6165 10.4006 13.1846 15.9303 18.5988 21.1566 23.5805 25.8568 27.9802 29.9529 31.7811 33.4719 35.0297 36.4564 
Y from QP: 0 0 0 0 0 0 0 0 0 0 0 0 0 0 0 0 
VX from QP: 7.96184 7.9622 7.96257 7.96293 7.96329 7.96366 7.96402 7.96438 7.96474 7.9651 7.96547 7.96583 7.96619 7.96655 7.96691 7.96727 
VY from QP: 0 0 0 0 0 0 0 0 0 0 0 0 0 0 0 0 
Now x by QP is: 2.96587
Now y by QP is: 0
Now vx by QP is: 8.05952
Now vy by QP is: 0
0,2,2300,car, x: 2.96587, y: 0, vx: 8.05952, vy: 0, psi_rad: 0,4.67,1.74
1  s_f 3.97  s_b 10.11  t_i 1.8  t_o 5
The formal decision is: 00001 namely is: 1
Final decision is: 00001
The corresponding cost is: -208.959
The cost of the formal decision is: -208.959
Path: 1 -2 -1 -1 0 
Total cost: -208.959
V from As: 8.05952 8.39285 8.72619 9.05952 8.39285 7.72619 7.05952 6.72619 6.39285 6.05952 5.72619 5.39285 5.05952 5.05952 5.05952 5.05952
S from Astar: 0 2.74206 5.59523 8.55952 11.4682 14.1548 16.619 18.9167 21.1032 23.1786 25.1428 26.996 28.7381 30.4246 32.1111 33.7976 
X from Astar: 2.96587 5.70794 8.56111 11.5254 14.4341 17.1206 19.5849 21.8825 24.069 26.1444 28.1087 29.9619 31.7039 33.3905 35.077 36.7635 
Y from Astar: 0 0 0 0 0 0 0 0 0 0 0 0 0 0 0 0 
0
X from QP: 2.96587 5.68005 8.42057 11.1665 13.8863 16.547 19.1179 21.5748 23.904 26.1002 28.1647 30.1031 31.9231 33.6319 35.2337 36.7305 
Y from QP: 0 0 0 0 0 0 0 0 0 0 0 0 0 0 0 0 
VX from QP: 8.05952 8.05974 8.05996 8.06018 8.0604 8.06062 8.06084 8.06106 8.06128 8.0615 8.06172 8.06194 8.06216 8.06238 8.0626 8.06282 
VY from QP: 0 0 0 0 0 0 0 0 0 0 0 0 0 0 0 0 
1
X from QP: 2.96587 5.68424 8.42974 11.1796 13.9015 16.5624 19.1318 21.5862 23.9124 26.1056 28.1674 30.1036 31.9221 33.63 35.2318 36.7293 
Y from QP: 0 0 0 0 0 0 0 0 0 0 0 0 0 0 0 0 
VX from QP: 8.05952 8.05978 8.06004 8.0603 8.06056 8.06083 8.06109 8.06135 8.06161 8.06187 8.06213 8.06239 8.06265 8.06291 8.06317 8.06342 
VY from QP: 0 0 0 0 0 0 0 0 0 0 0 0 0 0 0 0 
Now x by QP is: 3.77544
Now y by QP is: 0
Now vx by QP is: 8.12855
Now vy by QP is: 0
0,2,2400,car, x: 3.77544, y: 0, vx: 8.12855, vy: 0, psi_rad: 0,4.67,1.74
1  s_f 3.16  s_b 9.3  t_i 1.7  t_o 5
The formal decision is: 00001 namely is: 1
Final decision is: 00001
The corresponding cost is: -206.547
The cost of the formal decision is: -206.547
Path: 1 -2 -1 -1 0 
Total cost: -206.547
V from As: 8.12855 8.46188 8.79522 9.12855 8.46188 7.79522 7.12855 6.79522 6.46188 6.12855 5.79522 5.46188 5.12855 5.12855 5.12855 5.12855
S from Astar: 0 2.76507 5.64126 8.62855 11.5603 14.2698 16.7571 19.0777 21.2872 23.3857 25.3729 27.2491 29.0142 30.7237 32.4332 34.1428 
X from Astar: 3.77544 6.54051 9.41669 12.404 15.3357 18.0452 20.5325 22.8532 25.0627 27.1611 29.1484 31.0246 32.7896 34.4992 36.2087 37.9182 
Y from Astar: 0 0 0 0 0 0 0 0 0 0 0 0 0 0 0 0 
0
X from QP: 3.77544 6.51262 9.27616 12.0451 14.7879 17.4717 20.0656 22.5454 24.8976 27.1169 29.2044 31.1658 33.0088 34.7406 36.3654 37.8852 
Y from QP: 0 0 0 0 0 0 0 0 0 0 0 0 0 0 0 0 
VX from QP: 8.12855 8.12877 8.12899 8.12921 8.12944 8.12966 8.12988 8.1301 8.13032 8.13054 8.13076 8.13097 8.13119 8.13141 8.13163 8.13185 
VY from QP: 0 0 0 0 0 0 0 0 0 0 0 0 0 0 0 0 
1
X from QP: 3.77544 6.51551 9.28248 12.0541 14.7984 17.4822 20.0751 22.5533 24.9034 27.1206 29.2062 31.1661 33.0081 34.7393 36.3641 37.8844 
Y from QP: 0 0 0 0 0 0 0 0 0 0 0 0 0 0 0 0 
VX from QP: 8.12855 8.1288 8.12905 8.1293 8.12955 8.1298 8.13004 8.13029 8.13054 8.13079 8.13104 8.13128 8.13153 8.13178 8.13202 8.13227 
VY from QP: 0 0 0 0 0 0 0 0 0 0 0 0 0 0 0 0 
Now x by QP is: 4.59174
Now y by QP is: 0
Now vx by QP is: 8.19444
Now vy by QP is: 0
0,2,2500,car, x: 4.59174, y: 0, vx: 8.19444, vy: 0, psi_rad: 0,4.67,1.74
1  s_f 2.34  s_b 8.48  t_i 1.6  t_o 5
The formal decision is: 00001 namely is: 1
Final decision is: 00001
The corresponding cost is: -204.2
The cost of the formal decision is: -204.2
Path: 1 -2 -1 -1 0 
Total cost: -204.2
V from As: 8.19444 8.52778 8.86111 9.19444 8.52778 7.86111 7.19444 6.86111 6.52778 6.19444 5.86111 5.52778 5.19444 5.19444 5.19444 5.19444
S from Astar: 0 2.78704 5.68519 8.69444 11.6481 14.3796 16.8889 19.2315 21.463 23.5833 25.5926 27.4907 29.2778 31.0093 32.7407 34.4722 
X from Astar: 4.59174 7.37877 10.2769 13.2862 16.2399 18.9714 21.4806 23.8232 26.0547 28.1751 30.1843 32.0825 33.8695 35.601 37.3325 39.064 
Y from Astar: 0 0 0 0 0 0 0 0 0 0 0 0 0 0 0 0 
0
X from QP: 4.59174 7.35089 10.1364 12.9273 15.6921 18.3978 21.0136 23.5155 25.8896 28.1308 30.2403 32.2237 34.0887 35.8424 37.4892 39.031 
Y from QP: 0 0 0 0 0 0 0 0 0 0 0 0 0 0 0 0 
VX from QP: 8.19444 8.19467 8.19489 8.19511 8.19533 8.19555 8.19577 8.19599 8.19621 8.19643 8.19665 8.19687 8.19709 8.19731 8.19753 8.19774 
VY from QP: 0 0 0 0 0 0 0 0 0 0 0 0 0 0 0 0 
1
X from QP: 4.59174 7.35365 10.1424 12.9359 15.7021 18.4079 21.0228 23.523 25.8952 28.1344 30.2421 32.224 34.088 35.8412 37.488 39.0302 
Y from QP: 0 0 0 0 0 0 0 0 0 0 0 0 0 0 0 0 
VX from QP: 8.19444 8.19469 8.19494 8.19519 8.19544 8.19568 8.19593 8.19618 8.19642 8.19667 8.19692 8.19716 8.19741 8.19765 8.1979 8.19815 
VY from QP: 0 0 0 0 0 0 0 0 0 0 0 0 0 0 0 0 
Now x by QP is: 5.41461
Now y by QP is: 0
Now vx by QP is: 8.26005
Now vy by QP is: 0
0,2,2600,car, x: 5.41461, y: 0, vx: 8.26005, vy: 0, psi_rad: 0,4.67,1.74
1  s_f 1.52  s_b 7.66  t_i 1.5  t_o 5
The formal decision is: 00001 namely is: 1
Final decision is: 00001
The corresponding cost is: -201.82
The cost of the formal decision is: -201.82
Path: 1 -2 -1 -1 0 
Total cost: -201.82
V from As: 8.26005 8.59338 8.92671 9.26005 8.59338 7.92671 7.26005 6.92671 6.59338 6.26005 5.92671 5.59338 5.26005 5.26005 5.26005 5.26005
S from Astar: 0 2.8089 5.72892 8.76005 11.7356 14.489 17.0201 19.3846 21.6379 23.7801 25.8113 27.7313 29.5402 31.2935 33.0469 34.8002 
X from Astar: 5.41461 8.22351 11.1435 14.1747 17.1502 19.9036 22.4347 24.7992 27.0525 29.1947 31.2259 33.1459 34.9548 36.7081 38.4615 40.2148 
Y from Astar: 0 0 0 0 0 0 0 0 0 0 0 0 0 0 0 0 
0
X from QP: 5.41461 8.19563 11.003 13.8158 16.6024 19.33 21.9677 24.4914 26.8874 29.1505 31.2819 33.2871 35.174 36.9496 38.6182 40.1819 
Y from QP: 0 0 0 0 0 0 0 0 0 0 0 0 0 0 0 0 
VX from QP: 8.26005 8.26027 8.26049 8.26071 8.26093 8.26115 8.26137 8.26159 8.26181 8.26203 8.26225 8.26247 8.26269 8.26291 8.26313 8.26335 
VY from QP: 0 0 0 0 0 0 0 0 0 0 0 0 0 0 0 0 
1
X from QP: 5.41461 8.19838 11.009 13.8244 16.6124 19.3401 21.9769 24.4989 26.893 29.1541 31.2836 33.2874 35.1733 36.9483 38.617 40.1811 
Y from QP: 0 0 0 0 0 0 0 0 0 0 0 0 0 0 0 0 
VX from QP: 8.26005 8.26029 8.26054 8.26079 8.26104 8.26128 8.26153 8.26178 8.26202 8.26227 8.26252 8.26276 8.26301 8.26325 8.2635 8.26375 
VY from QP: 0 0 0 0 0 0 0 0 0 0 0 0 0 0 0 0 
Now x by QP is: 6.24404
Now y by QP is: 0
Now vx by QP is: 8.32562
Now vy by QP is: 0
0,2,2700,car, x: 6.24404, y: 0, vx: 8.32562, vy: 0, psi_rad: 0,4.67,1.74
1  s_f 0.69  s_b 6.83  t_i 1.4  t_o 4.9
The formal decision is: 00001 namely is: 1
Final decision is: 00001
The corresponding cost is: -199.399
The cost of the formal decision is: -199.399
Path: 1 -2 -1 -1 0 
Total cost: -199.399
V from As: 8.32562 8.65895 8.99229 9.32562 8.65895 7.99229 7.32562 6.99229 6.65895 6.32562 5.99229 5.65895 5.32562 5.32562 5.32562 5.32562
S from Astar: 0 2.83076 5.77264 8.82562 11.8231 14.5983 17.1512 19.5376 21.8128 23.9769 26.0298 27.9717 29.8025 31.5777 33.3529 35.1281 
X from Astar: 6.24404 9.0748 12.0167 15.0697 18.0671 20.8423 23.3953 25.7816 28.0568 30.2209 32.2739 34.2158 36.0465 37.8217 39.5969 41.3721 
Y from Astar: 0 0 0 0 0 0 0 0 0 0 0 0 0 0 0 0 
0
X from QP: 6.24404 9.04691 11.8761 14.7108 17.5193 20.2687 22.9283 25.4739 27.8917 30.1767 32.3299 34.357 36.2657 38.0631 39.7537 41.3392 
Y from QP: 0 0 0 0 0 0 0 0 0 0 0 0 0 0 0 0 
VX from QP: 8.32562 8.32584 8.32606 8.32628 8.3265 8.32673 8.32695 8.32717 8.32739 8.32761 8.32782 8.32804 8.32826 8.32848 8.3287 8.32892 
VY from QP: 0 0 0 0 0 0 0 0 0 0 0 0 0 0 0 0 
1
X from QP: 6.24404 9.04967 11.8822 14.7194 17.5293 20.2788 22.9374 25.4814 27.8973 30.1802 32.3316 34.3573 36.265 38.0619 39.7524 41.3384 
Y from QP: 0 0 0 0 0 0 0 0 0 0 0 0 0 0 0 0 
VX from QP: 8.32562 8.32587 8.32612 8.32636 8.32661 8.32686 8.32711 8.32735 8.3276 8.32785 8.32809 8.32834 8.32858 8.32883 8.32907 8.32932 
VY from QP: 0 0 0 0 0 0 0 0 0 0 0 0 0 0 0 0 
Now x by QP is: 7.08003
Now y by QP is: 0
Now vx by QP is: 8.39119
Now vy by QP is: 0
0,2,2800,car, x: 7.08003, y: 0, vx: 8.39119, vy: 0, psi_rad: 0,4.67,1.74
1  s_f 0  s_b 5.99  t_i 1.3  t_o 4.8
The formal decision is: 00001 namely is: 1
Final decision is: 00001
The corresponding cost is: -196.934
The cost of the formal decision is: -196.934
Path: 1 -2 -1 -1 0 
Total cost: -196.934
V from As: 8.39119 8.72453 9.05786 9.39119 8.72453 8.05786 7.39119 7.05786 6.72453 6.39119 6.05786 5.72453 5.39119 5.39119 5.39119 5.39119
S from Astar: 0 2.85262 5.81635 8.89119 11.9105 14.7075 17.2824 19.6906 21.9876 24.1736 26.2484 28.2122 30.0648 31.8618 33.6589 35.456 
X from Astar: 7.08003 9.93265 12.8964 15.9712 18.9905 21.7876 24.3624 26.7706 29.0677 31.2536 33.3284 35.2922 37.1448 38.9419 40.7389 42.536 
Y from Astar: 0 0 0 0 0 0 0 0 0 0 0 0 0 0 0 0 
0
X from QP: 7.08003 9.90476 12.7558 15.6123 18.4427 21.214 23.8954 26.4628 28.9026 31.2094 33.3844 35.4334 37.364 39.1833 40.8957 42.503 
Y from QP: 0 0 0 0 0 0 0 0 0 0 0 0 0 0 0 0 
VX from QP: 8.39119 8.39141 8.39164 8.39186 8.39208 8.3923 8.39252 8.39274 8.39296 8.39318 8.3934 8.39362 8.39384 8.39405 8.39427 8.39449 
VY from QP: 0 0 0 0 0 0 0 0 0 0 0 0 0 0 0 0 
1
X from QP: 7.08003 9.90752 12.7619 15.6209 18.4527 21.2241 23.9046 26.4704 28.9081 31.2129 33.3862 35.4337 37.3633 39.1821 40.8944 42.5023 
Y from QP: 0 0 0 0 0 0 0 0 0 0 0 0 0 0 0 0 
VX from QP: 8.39119 8.39144 8.39169 8.39194 8.39218 8.39243 8.39268 8.39292 8.39317 8.39342 8.39366 8.39391 8.39416 8.3944 8.39465 8.39489 
VY from QP: 0 0 0 0 0 0 0 0 0 0 0 0 0 0 0 0 
Now x by QP is: 7.92257
Now y by QP is: 0
Now vx by QP is: 8.45676
Now vy by QP is: 0
0,2,2900,car, x: 7.92257, y: 0, vx: 8.45676, vy: 0, psi_rad: 0,4.67,1.74
1  s_f 0  s_b 5.15  t_i 1.2  t_o 4.7
The formal decision is: 00001 namely is: 1
Final decision is: 00001
The corresponding cost is: -194.427
The cost of the formal decision is: -194.427
Path: 1 -2 -1 -1 0 
Total cost: -194.427
V from As: 8.45676 8.7901 9.12343 9.45676 8.7901 8.12343 7.45676 7.12343 6.7901 6.45676 6.12343 5.7901 5.45676 5.45676 5.45676 5.45676
S from Astar: 0 2.87448 5.86007 8.95676 11.9979 14.8168 17.4135 19.8436 22.1625 24.3703 26.467 28.4526 30.3271 32.146 33.9649 35.7838 
X from Astar: 7.92257 10.797 13.7826 16.8793 19.9205 22.7394 25.3361 27.7661 30.0851 32.2929 34.3896 36.3752 38.2496 40.0686 41.8875 43.7064 
Y from Astar: 0 0 0 0 0 0 0 0 0 0 0 0 0 0 0 0 
0
X from QP: 7.92257 10.7692 13.6421 16.5204 19.3727 22.1658 24.8691 27.4584 29.92 32.2486 34.4456 36.5164 38.4688 40.31 42.0442 43.6734 
Y from QP: 0 0 0 0 0 0 0 0 0 0 0 0 0 0 0 0 
VX from QP: 8.45676 8.45699 8.45721 8.45743 8.45765 8.45787 8.45809 8.45831 8.45853 8.45875 8.45897 8.45919 8.45941 8.45963 8.45985 8.46006 
VY from QP: 0 0 0 0 0 0 0 0 0 0 0 0 0 0 0 0 
1
X from QP: 7.92257 10.7719 13.6481 16.5291 19.3827 22.1759 24.8783 27.4659 29.9255 32.2522 34.4473 36.5167 38.4681 40.3087 42.043 43.6727 
Y from QP: 0 0 0 0 0 0 0 0 0 0 0 0 0 0 0 0 
VX from QP: 8.45676 8.45701 8.45726 8.45751 8.45776 8.458 8.45825 8.4585 8.45874 8.45899 8.45924 8.45948 8.45973 8.45997 8.46022 8.46046 
VY from QP: 0 0 0 0 0 0 0 0 0 0 0 0 0 0 0 0 
Now x by QP is: 8.77167
Now y by QP is: 0
Now vx by QP is: 8.52234
Now vy by QP is: 0
0,3,3000,car, x: 8.77167, y: 0, vx: 8.52234, vy: 0, psi_rad: 0,4.67,1.74
1  s_f 0  s_b 4.3  t_i 1.1  t_o 4.6
The formal decision is: 00001 namely is: 1
Final decision is: 00001
The corresponding cost is: -231.1
The cost of the formal decision is: -231.1
Path: 0 -2 -1 -1 0 
Total cost: -231.1
V from As: 8.52234 8.52234 8.52234 8.52234 7.85567 7.189 6.52234 6.189 5.85567 5.52234 5.189 4.85567 4.52234 4.52234 4.52234 4.52234
S from Astar: 0 2.84078 5.68156 8.52234 11.252 13.7594 16.0447 18.1632 20.1707 22.067 23.8522 25.5263 27.0893 28.5968 30.1042 31.6117 
X from Astar: 8.77167 11.6125 14.4532 17.294 20.0237 22.5311 24.8163 26.9349 28.9424 30.8387 32.6239 34.298 35.861 37.3685 38.8759 40.3834 
Y from Astar: 0 0 0 0 0 0 0 0 0 0 0 0 0 0 0 0 
0
X from QP: 8.77167 11.5943 14.3746 17.0857 19.7024 22.204 24.5756 26.8091 28.9041 30.8657 32.7026 34.4249 36.0424 37.5634 38.9924 40.3316 
Y from QP: 0 0 0 0 0 0 0 0 0 0 0 0 0 0 0 0 
VX from QP: 8.52234 8.52223 8.52212 8.52201 8.52191 8.5218 8.52169 8.52158 8.52147 8.52137 8.52126 8.52115 8.52104 8.52093 8.52083 8.52072 
VY from QP: 0 0 0 0 0 0 0 0 0 0 0 0 0 0 0 0 
1
X from QP: 8.77167 11.5971 14.3806 17.0944 19.7124 22.2141 24.5848 26.8167 28.9097 30.8693 32.7044 34.4252 36.0417 37.5621 38.9912 40.3308 
Y from QP: 0 0 0 0 0 0 0 0 0 0 0 0 0 0 0 0 
VX from QP: 8.52234 8.52226 8.52217 8.52209 8.52201 8.52193 8.52185 8.52177 8.52169 8.52161 8.52152 8.52144 8.52136 8.52128 8.5212 8.52112 
VY from QP: 0 0 0 0 0 0 0 0 0 0 0 0 0 0 0 0 
Now x by QP is: 9.62264
Now y by QP is: 0
Now vx by QP is: 8.4965
Now vy by QP is: 0
0,3,3100,car, x: 9.62264, y: 0, vx: 8.4965, vy: 0, psi_rad: 0,4.67,1.74
1  s_f 0  s_b 3.45  t_i 1  t_o 4.5
The formal decision is: 00001 namely is: 1
Final decision is: 00001
The corresponding cost is: -231.851
The cost of the formal decision is: -231.851
Path: 0 -2 -1 -1 0 
Total cost: -231.851
V from As: 8.4965 8.4965 8.4965 8.4965 7.82984 7.16317 6.4965 6.16317 5.82984 5.4965 5.16317 4.82984 4.4965 4.4965 4.4965 4.4965
S from Astar: 0 2.83217 5.66433 8.4965 11.2176 13.7164 15.993 18.103 20.1018 21.9895 23.7661 25.4316 26.986 28.4848 29.9837 31.4825 
X from Astar: 9.62264 12.4548 15.287 18.1191 20.8402 23.339 25.6156 27.7256 29.7244 31.6121 33.3888 35.0543 36.6087 38.1075 39.6063 41.1052 
Y from Astar: 0 0 0 0 0 0 0 0 0 0 0 0 0 0 0 0 
0
X from QP: 9.62264 12.4367 15.2083 17.9109 20.5189 23.0119 25.3749 27.5998 29.6862 31.6392 33.4675 35.1811 36.79 38.3024 39.7228 41.0534 
Y from QP: 0 0 0 0 0 0 0 0 0 0 0 0 0 0 0 0 
VX from QP: 8.4965 8.49639 8.49629 8.49618 8.49607 8.49596 8.49586 8.49575 8.49564 8.49553 8.49542 8.49532 8.49521 8.4951 8.49499 8.49488 
VY from QP: 0 0 0 0 0 0 0 0 0 0 0 0 0 0 0 0 
1
X from QP: 9.62264 12.4353 15.2054 17.9067 20.5141 23.007 25.3705 27.5962 29.6835 31.6375 33.4666 35.1809 36.7904 38.303 39.7234 41.0537 
Y from QP: 0 0 0 0 0 0 0 0 0 0 0 0 0 0 0 0 
VX from QP: 8.4965 8.49638 8.49626 8.49614 8.49602 8.4959 8.49578 8.49566 8.49554 8.49542 8.49529 8.49517 8.49505 8.49493 8.49481 8.49469 
VY from QP: 0 0 0 0 0 0 0 0 0 0 0 0 0 0 0 0 
Now x by QP is: 10.4705
Now y by QP is: 0
Now vx by QP is: 8.46079
Now vy by QP is: 0
0,3,3200,car, x: 10.4705, y: 0, vx: 8.46079, vy: 0, psi_rad: 0,4.67,1.74
1  s_f 0  s_b 2.6  t_i 0.9  t_o 4.4
The formal decision is: 00001 namely is: 1
Final decision is: 00001
The corresponding cost is: -232.879
The cost of the formal decision is: -232.879
Path: 0 -2 -1 -1 0 
Total cost: -232.879
V from As: 8.46079 8.46079 8.46079 8.46079 7.79412 7.12746 6.46079 6.12746 5.79412 5.46079 5.12746 4.79412 4.46079 4.46079 4.46079 4.46079
S from Astar: 0 2.82026 5.64053 8.46079 11.1699 13.6569 15.9216 18.0196 20.0066 21.8824 23.6471 25.3007 26.8432 28.3301 29.817 31.304 
X from Astar: 10.4705 13.2908 16.111 18.9313 21.6404 24.1274 26.3921 28.4901 30.4771 32.3529 34.1176 35.7712 37.3137 38.8006 40.2875 41.7745 
Y from Astar: 0 0 0 0 0 0 0 0 0 0 0 0 0 0 0 0 
0
X from QP: 10.4705 13.2726 16.0323 18.723 21.3192 23.8002 26.1513 28.3644 30.4388 32.3799 34.1963 35.898 37.495 38.9955 40.404 41.7227 
Y from QP: 0 0 0 0 0 0 0 0 0 0 0 0 0 0 0 0 
VX from QP: 8.46079 8.46068 8.46058 8.46047 8.46036 8.46025 8.46014 8.46004 8.45993 8.45982 8.45971 8.4596 8.4595 8.45939 8.45928 8.45917 
VY from QP: 0 0 0 0 0 0 0 0 0 0 0 0 0 0 0 0 
1
X from QP: 10.4705 13.2709 16.0286 18.7177 21.313 23.794 26.1457 28.3597 30.4354 32.3777 34.1952 35.8978 37.4955 38.9963 40.4048 41.7231 
Y from QP: 0 0 0 0 0 0 0 0 0 0 0 0 0 0 0 0 
VX from QP: 8.46079 8.46067 8.46054 8.46042 8.46029 8.46017 8.46004 8.45992 8.4598 8.45967 8.45955 8.45942 8.4593 8.45917 8.45905 8.45893 
VY from QP: 0 0 0 0 0 0 0 0 0 0 0 0 0 0 0 0 
Now x by QP is: 11.3147
Now y by QP is: 0
Now vx by QP is: 8.42416
Now vy by QP is: 0
0,3,3300,car, x: 11.3147, y: 0, vx: 8.42416, vy: 0, psi_rad: 0,4.67,1.74
1  s_f 0  s_b 1.76  t_i 0.8  t_o 4.3
The formal decision is: 00001 namely is: 1
Final decision is: 00001
The corresponding cost is: -195.679
The cost of the formal decision is: -195.679
Path: 1 -2 -1 -1 0 
Total cost: -195.679
V from As: 8.42416 8.7575 9.09083 9.42416 8.7575 8.09083 7.42416 7.09083 6.7575 6.42416 6.09083 5.7575 5.42416 5.42416 5.42416 5.42416
S from Astar: 0 2.86361 5.83833 8.92416 11.9544 14.7625 17.3483 19.7675 22.0755 24.2725 26.3583 28.333 30.1967 32.0047 33.8128 35.6208 
X from Astar: 11.3147 14.1783 17.1531 20.2389 23.2692 26.0772 28.6631 31.0822 33.3903 35.5872 37.6731 39.6478 41.5114 43.3194 45.1275 46.9355 
Y from Astar: 0 0 0 0 0 0 0 0 0 0 0 0 0 0 0 0 
0
X from QP: 11.3147 14.1505 17.0125 19.88 22.7214 25.5036 28.1961 30.7745 33.2252 35.543 37.7291 39.789 41.7306 43.5609 45.2842 46.9026 
Y from QP: 0 0 0 0 0 0 0 0 0 0 0 0 0 0 0 0 
VX from QP: 8.42416 8.42438 8.42461 8.42483 8.42505 8.42527 8.42549 8.42571 8.42593 8.42615 8.42637 8.42659 8.42681 8.42702 8.42724 8.42746 
VY from QP: 0 0 0 0 0 0 0 0 0 0 0 0 0 0 0 0 
1
X from QP: 11.3147 14.1487 17.0087 19.8745 22.7151 25.4973 28.1903 30.7697 33.2217 35.5407 37.7279 39.7888 41.731 43.5616 45.285 46.903 
Y from QP: 0 0 0 0 0 0 0 0 0 0 0 0 0 0 0 0 
VX from QP: 8.42416 8.42437 8.42457 8.42477 8.42498 8.42518 8.42539 8.42559 8.42579 8.42599 8.4262 8.4264 8.4266 8.42681 8.42701 8.42721 
VY from QP: 0 0 0 0 0 0 0 0 0 0 0 0 0 0 0 0 
Now x by QP is: 12.16
Now y by QP is: 0
Now vx by QP is: 8.47886
Now vy by QP is: 0
0,3,3400,car, x: 12.16, y: 0, vx: 8.47886, vy: 0, psi_rad: 0,4.67,1.74
1  s_f 0  s_b 0.92  t_i 0.7  t_o 4.2
The formal decision is: 00001 namely is: 1
Final decision is: 00001
The corresponding cost is: -232.361
The cost of the formal decision is: -232.361
Path: 0 -2 -1 -1 0 
Total cost: -232.361
V from As: 8.47886 8.47886 8.47886 8.47886 7.81219 7.14552 6.47886 6.14552 5.81219 5.47886 5.14552 4.81219 4.47886 4.47886 4.47886 4.47886
S from Astar: 0 2.82629 5.65257 8.47886 11.194 13.687 15.9577 18.0618 20.0547 21.9366 23.7073 25.3669 26.9154 28.4084 29.9013 31.3943 
X from Astar: 12.16 14.9863 17.8126 20.6388 23.354 25.847 28.1177 30.2218 32.2147 34.0966 35.8673 37.5269 39.0754 40.5684 42.0613 43.5543 
Y from Astar: 0 0 0 0 0 0 0 0 0 0 0 0 0 0 0 0 
0
X from QP: 12.16 14.9681 17.7339 20.4306 23.0328 25.5198 27.877 30.096 32.1765 34.1236 35.946 37.6537 39.2568 40.7633 42.1778 43.5025 
Y from QP: 0 0 0 0 0 0 0 0 0 0 0 0 0 0 0 0 
VX from QP: 8.47886 8.47875 8.47864 8.47853 8.47842 8.47832 8.47821 8.4781 8.47799 8.47788 8.47778 8.47767 8.47756 8.47745 8.47734 8.47724 
VY from QP: 0 0 0 0 0 0 0 0 0 0 0 0 0 0 0 0 
1
X from QP: 12.16 14.9705 17.739 20.4379 23.0412 25.5284 27.8847 30.1024 32.1812 34.1266 35.9475 37.654 39.2562 40.7622 42.1768 43.5018 
Y from QP: 0 0 0 0 0 0 0 0 0 0 0 0 0 0 0 0 
VX from QP: 8.47886 8.47877 8.47868 8.4786 8.47851 8.47843 8.47834 8.47826 8.47817 8.47809 8.478 8.47792 8.47783 8.47775 8.47766 8.47758 
VY from QP: 0 0 0 0 0 0 0 0 0 0 0 0 0 0 0 0 
Now x by QP is: 13.0066
Now y by QP is: 0
Now vx by QP is: 8.45201
Now vy by QP is: 0
0,3,3500,car, x: 13.0066, y: 0, vx: 8.45201, vy: 0, psi_rad: 0,4.67,1.74
1  s_f 0  s_b 0.07  t_i 0.6  t_o 4.1
The formal decision is: 00001 namely is: 1
Final decision is: 00001
The corresponding cost is: -233.13
The cost of the formal decision is: -233.13
Path: 0 -2 -1 -1 0 
Total cost: -233.13
V from As: 8.45201 8.45201 8.45201 8.45201 7.78534 7.11868 6.45201 6.11868 5.78534 5.45201 5.11868 4.78534 4.45201 4.45201 4.45201 4.45201
S from Astar: 0 2.81734 5.63467 8.45201 11.1582 13.6422 15.904 17.9991 19.9831 21.856 23.6178 25.2685 26.808 28.292 29.776 31.2601 
X from Astar: 13.0066 15.8239 18.6412 21.4586 24.1648 26.6488 28.9106 31.0057 32.9897 34.8626 36.6244 38.275 39.8146 41.2986 42.7826 44.2666 
Y from Astar: 0 0 0 0 0 0 0 0 0 0 0 0 0 0 0 0 
0
X from QP: 13.0066 15.8058 18.5626 21.2503 23.8435 26.3217 28.6698 30.8799 32.9515 34.8897 36.7031 38.4019 39.996 41.4935 42.8991 44.2148 
Y from QP: 0 0 0 0 0 0 0 0 0 0 0 0 0 0 0 0 
VX from QP: 8.45201 8.4519 8.45179 8.45169 8.45158 8.45147 8.45136 8.45125 8.45115 8.45104 8.45093 8.45082 8.45072 8.45061 8.4505 8.45039 
VY from QP: 0 0 0 0 0 0 0 0 0 0 0 0 0 0 0 0 
1
X from QP: 13.0066 15.8044 18.5596 21.246 23.8386 26.3166 28.6653 30.8762 32.9487 34.8879 36.7022 38.4017 39.9963 41.4941 42.8997 44.2152 
Y from QP: 0 0 0 0 0 0 0 0 0 0 0 0 0 0 0 0 
VX from QP: 8.45201 8.45189 8.45177 8.45165 8.45153 8.4514 8.45128 8.45116 8.45104 8.45092 8.4508 8.45068 8.45056 8.45044 8.45031 8.45019 
VY from QP: 0 0 0 0 0 0 0 0 0 0 0 0 0 0 0 0 
Now x by QP is: 13.85
Now y by QP is: 0
Now vx by QP is: 8.41621
Now vy by QP is: 0
0,3,3600,car, x: 13.85, y: 0, vx: 8.41621, vy: 0, psi_rad: 0,4.67,1.74
The formal decision is: 00001 namely is: 1
Final decision is: 
The corresponding cost is: 53.5254
The cost of the formal decision is: -23333
Path: -2 -1 -1 0 0 
Total cost: 53.5254
V from As: 8.41621 7.74954 7.08287 6.41621 6.08287 5.74954 5.41621 5.08287 4.74954 4.41621 4.41621 4.41621 4.41621 4.41621 4.41621 4.41621
S from Astar: 0 2.69429 5.16636 7.41621 9.49938 11.4715 13.3324 15.0823 16.721 18.2486 19.7207 21.1928 22.6648 24.1369 25.609 27.081 
X from Astar: 13.85 16.5443 19.0163 21.2662 23.3493 25.3214 27.1824 28.9322 30.571 32.0986 33.5706 35.0427 36.5148 37.9868 39.4589 40.931 
Y from Astar: 0 0 0 0 0 0 0 0 0 0 0 0 0 0 0 0 
0
X from QP: 13.85 16.5543 19.0979 21.4535 23.6176 25.6028 27.4317 29.1326 30.7334 32.2607 33.7376 35.1819 36.6068 38.0208 39.4283 40.8306 
Y from QP: 0 0 0 0 0 0 0 0 0 0 0 0 0 0 0 0 
VX from QP: 8.41621 8.41549 8.41478 8.41407 8.41336 8.41265 8.41194 8.41123 8.41052 8.40981 8.4091 8.40839 8.40768 8.40697 8.40627 8.40556 
VY from QP: 0 0 0 0 0 0 0 0 0 0 0 0 0 0 0 0 
1
X from QP: 13.85 16.5526 19.0942 21.4481 23.6114 25.5965 27.426 29.1279 30.73 32.2585 33.7365 35.1817 36.6072 38.0216 39.429 40.8311 
Y from QP: 0 0 0 0 0 0 0 0 0 0 0 0 0 0 0 0 
VX from QP: 8.41621 8.41548 8.41475 8.41402 8.41329 8.41256 8.41184 8.41111 8.41038 8.40966 8.40893 8.40821 8.40748 8.40676 8.40603 8.40531 
VY from QP: 0 0 0 0 0 0 0 0 0 0 0 0 0 0 0 0 
Now x by QP is: 14.6812
Now y by QP is: 0
Now vx by QP is: 8.2127
Now vy by QP is: 0
0,3,3700,car, x: 14.6812, y: 0, vx: 8.2127, vy: 0, psi_rad: 0,4.67,1.74
The formal decision is:  namely is: 0
Final decision is: 
The corresponding cost is: 49.6294
The cost of the formal decision is: 49.6294
Path: -2 -1 -1 0 0 
Total cost: 49.6294
V from As: 8.2127 7.54604 6.87937 6.2127 5.87937 5.54604 5.2127 4.87937 4.54604 4.2127 4.2127 4.2127 4.2127 4.2127 4.2127 4.2127
S from Astar: 0 2.62646 5.03069 7.2127 9.22805 11.1323 12.9254 14.6074 16.1783 17.6381 19.0423 20.4466 21.8508 23.255 24.6593 26.0635 
X from Astar: 14.6812 17.3076 19.7118 21.8939 23.9092 25.8134 27.6066 29.2886 30.8595 32.3193 33.7235 35.1277 36.532 37.9362 39.3404 40.7447 
Y from Astar: 0 0 0 0 0 0 0 0 0 0 0 0 0 0 0 0 
0
X from QP: 14.6812 17.3177 19.7935 22.0812 24.1775 26.0948 27.8559 29.4889 31.0219 32.4814 33.8904 35.2669 36.624 37.9702 39.3098 40.6443 
Y from QP: 0 0 0 0 0 0 0 0 0 0 0 0 0 0 0 0 
VX from QP: 8.2127 8.21199 8.21128 8.21057 8.20986 8.20914 8.20843 8.20772 8.20701 8.2063 8.2056 8.20489 8.20418 8.20347 8.20276 8.20205 
VY from QP: 0 0 0 0 0 0 0 0 0 0 0 0 0 0 0 0 
1
X from QP: 14.6812 17.3085 19.7734 22.0526 24.1443 26.0613 27.8255 29.4639 31.0035 32.4696 33.8846 35.2659 36.6263 37.9742 39.3139 40.6468 
Y from QP: 0 0 0 0 0 0 0 0 0 0 0 0 0 0 0 0 
VX from QP: 8.2127 8.2119 8.2111 8.2103 8.2095 8.2087 8.2079 8.2071 8.2063 8.20551 8.20471 8.20391 8.20312 8.20232 8.20152 8.20073 
VY from QP: 0 0 0 0 0 0 0 0 0 0 0 0 0 0 0 0 
Now x by QP is: 15.491
Now y by QP is: 0
Now vx by QP is: 7.99122
Now vy by QP is: 0
0,3,3800,car, x: 15.491, y: 0, vx: 7.99122, vy: 0, psi_rad: 0,4.67,1.74
The formal decision is:  namely is: 0
Final decision is: 
The corresponding cost is: 45.8599
The cost of the formal decision is: 45.8599
Path: -2 -1 -1 0 0 
Total cost: 45.8599
V from As: 7.99122 7.32455 6.65788 5.99122 5.65788 5.32455 4.99122 4.65788 4.32455 3.99122 3.99122 3.99122 3.99122 3.99122 3.99122 3.99122
S from Astar: 0 2.55263 4.88303 6.99122 8.93273 10.7631 12.4824 14.0906 15.5877 16.9737 18.3041 19.6345 20.9649 22.2953 23.6257 24.9561 
X from Astar: 15.491 18.0437 20.3741 22.4823 24.4238 26.2542 27.9735 29.5817 31.0787 32.4647 33.7951 35.1255 36.4559 37.7863 39.1167 40.4471 
Y from Astar: 0 0 0 0 0 0 0 0 0 0 0 0 0 0 0 0 
0
X from QP: 15.491 18.0537 20.4557 22.6696 24.6921 26.5355 28.2228 29.782 31.2412 32.6268 33.962 35.2647 36.5479 37.8203 39.0861 40.3467 
Y from QP: 0 0 0 0 0 0 0 0 0 0 0 0 0 0 0 0 
VX from QP: 7.99122 7.99051 7.98979 7.98908 7.98837 7.98766 7.98695 7.98624 7.98553 7.98482 7.98411 7.9834 7.98269 7.98199 7.98128 7.98057 
VY from QP: 0 0 0 0 0 0 0 0 0 0 0 0 0 0 0 0 
1
X from QP: 15.491 18.0439 20.4341 22.6388 24.6564 26.4995 28.1901 29.7551 31.2213 32.6141 33.9558 35.2636 36.5504 37.8246 39.0905 40.3494 
Y from QP: 0 0 0 0 0 0 0 0 0 0 0 0 0 0 0 0 
VX from QP: 7.99122 7.99041 7.9896 7.9888 7.98799 7.98718 7.98638 7.98557 7.98477 7.98396 7.98316 7.98235 7.98155 7.98075 7.97995 7.97914 
VY from QP: 0 0 0 0 0 0 0 0 0 0 0 0 0 0 0 0 
Now x by QP is: 16.2787
Now y by QP is: 0
Now vx by QP is: 7.76806
Now vy by QP is: 0
0,3,3900,car, x: 16.2787, y: 0, vx: 7.76806, vy: 0, psi_rad: 0,4.67,1.74
The formal decision is:  namely is: 0
Final decision is: 
The corresponding cost is: 42.558
The cost of the formal decision is: 42.558
Path: -2 -1 -1 0 0 
Total cost: 42.558
V from As: 7.76806 7.1014 6.43473 5.76806 5.43473 5.1014 4.76806 4.43473 4.1014 3.76806 3.76806 3.76806 3.76806 3.76806 3.76806 3.76806
S from Astar: 0 2.47824 4.73426 6.76806 8.6352 10.3912 12.0361 13.5699 14.9926 16.3042 17.5602 18.8162 20.0723 21.3283 22.5843 23.8403 
X from Astar: 16.2787 18.7569 21.0129 23.0467 24.9139 26.6699 28.3148 29.8486 31.2713 32.5829 33.8389 35.0949 36.3509 37.6069 38.863 40.119 
Y from Astar: 0 0 0 0 0 0 0 0 0 0 0 0 0 0 0 0 
0
X from QP: 16.2787 18.767 21.0946 23.2341 25.1822 26.9512 28.5642 30.049 31.4338 32.745 34.0058 35.2341 36.4429 37.6409 38.8323 40.0186 
Y from QP: 0 0 0 0 0 0 0 0 0 0 0 0 0 0 0 0 
VX from QP: 7.76806 7.76735 7.76664 7.76593 7.76522 7.76451 7.7638 7.76309 7.76238 7.76167 7.76096 7.76025 7.75954 7.75883 7.75812 7.75742 
VY from QP: 0 0 0 0 0 0 0 0 0 0 0 0 0 0 0 0 
1
X from QP: 16.2787 18.7571 21.0729 23.2031 25.1463 26.915 28.5313 30.0219 31.4138 32.7322 33.9995 35.233 36.4455 37.6453 38.8368 40.0213 
Y from QP: 0 0 0 0 0 0 0 0 0 0 0 0 0 0 0 0 
VX from QP: 7.76806 7.76725 7.76645 7.76564 7.76483 7.76402 7.76322 7.76241 7.76161 7.7608 7.76 7.75919 7.75839 7.75759 7.75678 7.75598 
VY from QP: 0 0 0 0 0 0 0 0 0 0 0 0 0 0 0 0 
Now x by QP is: 17.044
Now y by QP is: 0
Now vx by QP is: 7.54475
Now vy by QP is: 0
0,4,4000,car, x: 17.044, y: 0, vx: 7.54475, vy: 0, psi_rad: 0,4.67,1.74
The formal decision is:  namely is: 0
Final decision is: 
The corresponding cost is: 39.7523
The cost of the formal decision is: 39.7523
Path: -2 -1 -1 0 0 
Total cost: 39.7523
V from As: 7.54475 6.87809 6.21142 5.54475 5.21142 4.87809 4.54475 4.21142 3.87809 3.54475 3.54475 3.54475 3.54475 3.54475 3.54475 3.54475
S from Astar: 0 2.40381 4.58539 6.54475 8.33745 10.019 11.5895 13.0489 14.3971 15.6343 16.8158 17.9974 19.179 20.3606 21.5422 22.7238 
X from Astar: 17.044 19.4478 21.6294 23.5887 25.3814 27.063 28.6335 30.0929 31.4411 32.6783 33.8598 35.0414 36.223 37.4046 38.5862 39.7678 
Y from Astar: 0 0 0 0 0 0 0 0 0 0 0 0 0 0 0 0 
0
X from QP: 17.044 19.4579 21.711 23.7761 25.6497 27.3444 28.8829 30.2932 31.6036 32.8404 34.0268 35.1806 36.315 37.4386 38.5555 39.6674 
Y from QP: 0 0 0 0 0 0 0 0 0 0 0 0 0 0 0 0 
VX from QP: 7.54475 7.54404 7.54333 7.54262 7.54191 7.5412 7.54049 7.53978 7.53907 7.53836 7.53765 7.53694 7.53623 7.53552 7.53481 7.53411 
VY from QP: 0 0 0 0 0 0 0 0 0 0 0 0 0 0 0 0 
1
X from QP: 17.044 19.448 21.6893 23.7451 25.6138 27.3081 28.8499 30.2661 31.5836 32.8276 34.0205 35.1795 36.3176 37.443 38.56 39.6701 
Y from QP: 0 0 0 0 0 0 0 0 0 0 0 0 0 0 0 0 
VX from QP: 7.54475 7.54394 7.54314 7.54233 7.54152 7.54071 7.53991 7.5391 7.5383 7.53749 7.53669 7.53588 7.53508 7.53428 7.53347 7.53267 
VY from QP: 0 0 0 0 0 0 0 0 0 0 0 0 0 0 0 0 
Now x by QP is: 17.787
Now y by QP is: 0
Now vx by QP is: 7.32143
Now vy by QP is: 0
0,4,4100,car, x: 17.787, y: 0, vx: 7.32143, vy: 0, psi_rad: 0,4.67,1.74
The formal decision is:  namely is: 0
Final decision is: 
The corresponding cost is: 36.6594
The cost of the formal decision is: 36.6594
Path: -1 -1 -1 0 0 
Total cost: 36.6594
V from As: 7.32143 6.9881 6.65476 6.32143 5.9881 5.65476 5.32143 4.9881 4.65476 4.32143 4.32143 4.32143 4.32143 4.32143 4.32143 4.32143
S from Astar: 0 2.38492 4.65873 6.82143 8.87302 10.8135 12.6429 14.3611 15.9683 17.4643 18.9048 20.3452 21.7857 23.2262 24.6667 26.1071 
X from Astar: 17.787 20.1719 22.4457 24.6084 26.66 28.6005 30.4298 32.1481 33.7552 35.2513 36.6917 38.1322 39.5727 41.0132 42.4537 43.8941 
Y from Astar: 0 0 0 0 0 0 0 0 0 0 0 0 0 0 0 0 
0
X from QP: 17.787 20.1722 22.4655 24.6451 26.7018 28.6354 30.453 32.1665 33.7908 35.3421 36.836 38.2858 39.7025 41.0937 42.4632 43.8125 
Y from QP: 0 0 0 0 0 0 0 0 0 0 0 0 0 0 0 0 
VX from QP: 7.32143 7.32105 7.32066 7.32028 7.3199 7.31952 7.31913 7.31875 7.31837 7.31799 7.31761 7.31722 7.31684 7.31646 7.31608 7.3157 
VY from QP: 0 0 0 0 0 0 0 0 0 0 0 0 0 0 0 0 
1
X from QP: 17.787 20.1623 22.4438 24.6141 26.6659 28.5991 30.42 32.1394 33.7708 35.3293 36.8297 38.2848 39.705 41.0981 42.4677 43.8153 
Y from QP: 0 0 0 0 0 0 0 0 0 0 0 0 0 0 0 0 
VX from QP: 7.32143 7.32095 7.32047 7.31999 7.31951 7.31903 7.31856 7.31808 7.3176 7.31712 7.31664 7.31617 7.31569 7.31521 7.31474 7.31426 
VY from QP: 0 0 0 0 0 0 0 0 0 0 0 0 0 0 0 0 
Now x by QP is: 18.5123
Now y by QP is: 0
Now vx by QP is: 7.18951
Now vy by QP is: 0
0,4,4200,car, x: 18.5123, y: 0, vx: 7.18951, vy: 0, psi_rad: 0,4.67,1.74
The formal decision is:  namely is: 0
Final decision is: 
The corresponding cost is: 34.2117
The cost of the formal decision is: 34.2117
Path: -1 -1 -1 0 0 
Total cost: 34.2117
V from As: 7.18951 6.85618 6.52284 6.18951 5.85618 5.52284 5.18951 4.85618 4.52284 4.18951 4.18951 4.18951 4.18951 4.18951 4.18951 4.18951
S from Astar: 0 2.34095 4.57078 6.68951 8.69712 10.5936 12.379 14.0533 15.6165 17.0685 18.465 19.8615 21.258 22.6545 24.051 25.4475 
X from Astar: 18.5123 20.8533 23.0831 25.2018 27.2095 29.106 30.8913 32.5656 34.1288 35.5809 36.9774 38.3739 39.7704 41.1669 42.5634 43.9599 
Y from Astar: 0 0 0 0 0 0 0 0 0 0 0 0 0 0 0 0 
0
X from QP: 18.5123 20.8536 23.1029 25.2385 27.2512 29.1409 30.9145 32.584 34.1644 35.6717 37.1216 38.5275 39.9002 41.2474 42.5729 43.8783 
Y from QP: 0 0 0 0 0 0 0 0 0 0 0 0 0 0 0 0 
VX from QP: 7.18951 7.18913 7.18874 7.18836 7.18798 7.1876 7.18721 7.18683 7.18645 7.18607 7.18569 7.1853 7.18492 7.18454 7.18416 7.18378 
VY from QP: 0 0 0 0 0 0 0 0 0 0 0 0 0 0 0 0 
1
X from QP: 18.5123 20.8478 23.0901 25.2203 27.2301 29.1195 30.8951 32.5681 34.1526 35.6642 37.1179 38.5268 39.9017 41.2499 42.5756 43.8799 
Y from QP: 0 0 0 0 0 0 0 0 0 0 0 0 0 0 0 0 
VX from QP: 7.18951 7.18907 7.18863 7.18819 7.18775 7.18731 7.18687 7.18644 7.186 7.18556 7.18512 7.18468 7.18425 7.18381 7.18337 7.18294 
VY from QP: 0 0 0 0 0 0 0 0 0 0 0 0 0 0 0 0 
Now x by QP is: 19.225
Now y by QP is: 0
Now vx by QP is: 7.06747
Now vy by QP is: 0
0,4,4300,car, x: 19.225, y: 0, vx: 7.06747, vy: 0, psi_rad: 0,4.67,1.74
The formal decision is:  namely is: 0
Final decision is: 
The corresponding cost is: 32.1022
The cost of the formal decision is: 32.1022
Path: -1 -1 -1 0 0 
Total cost: 32.1022
V from As: 7.06747 6.73413 6.4008 6.06747 5.73413 5.4008 5.06747 4.73413 4.4008 4.06747 4.06747 4.06747 4.06747 4.06747 4.06747 4.06747
S from Astar: 0 2.30027 4.48942 6.56747 8.5344 10.3902 12.1349 13.7685 15.291 16.7024 18.0582 19.414 20.7699 22.1257 23.4815 24.8373 
X from Astar: 19.225 21.5253 23.7144 25.7925 27.7594 29.6152 31.3599 32.9935 34.516 35.9274 37.2832 38.6391 39.9949 41.3507 42.7065 44.0623 
Y from Astar: 0 0 0 0 0 0 0 0 0 0 0 0 0 0 0 0 
0
X from QP: 19.225 21.5256 23.7342 25.8292 27.8012 29.6501 31.3831 33.0119 34.5516 36.0183 37.4275 38.7927 40.1247 41.4312 42.7161 43.9808 
Y from QP: 0 0 0 0 0 0 0 0 0 0 0 0 0 0 0 0 
VX from QP: 7.06747 7.06708 7.0667 7.06632 7.06593 7.06555 7.06517 7.06479 7.06441 7.06402 7.06364 7.06326 7.06288 7.0625 7.06212 7.06174 
VY from QP: 0 0 0 0 0 0 0 0 0 0 0 0 0 0 0 0 
1
X from QP: 19.225 21.5202 23.7223 25.8122 27.7815 29.6302 31.365 32.997 34.5406 36.0112 37.424 38.7921 40.1261 41.4336 42.7185 43.9823 
Y from QP: 0 0 0 0 0 0 0 0 0 0 0 0 0 0 0 0 
VX from QP: 7.06747 7.06703 7.06659 7.06616 7.06572 7.06529 7.06485 7.06442 7.06398 7.06355 7.06311 7.06268 7.06225 7.06181 7.06138 7.06095 
VY from QP: 0 0 0 0 0 0 0 0 0 0 0 0 0 0 0 0 
Now x by QP is: 19.9255
Now y by QP is: 0
Now vx by QP is: 6.94634
Now vy by QP is: 0
0,4,4400,car, x: 19.9255, y: 0, vx: 6.94634, vy: 0, psi_rad: 0,4.67,1.74
The formal decision is:  namely is: 0
Final decision is: 
The corresponding cost is: 30.1558
The cost of the formal decision is: 30.1558
Path: -1 -1 -1 0 0 
Total cost: 30.1558
V from As: 6.94634 6.61301 6.27967 5.94634 5.61301 5.27967 4.94634 4.61301 4.27967 3.94634 3.94634 3.94634 3.94634 3.94634 3.94634 3.94634
S from Astar: 0 2.25989 4.40867 6.44634 8.3729 10.1883 11.8927 13.4859 14.968 16.339 17.6545 18.9699 20.2854 21.6008 22.9163 24.2317 
X from Astar: 19.9255 22.1854 24.3342 26.3719 28.2984 30.1139 31.8182 33.4114 34.8936 36.2646 37.58 38.8955 40.2109 41.5264 42.8418 44.1572 
Y from Astar: 0 0 0 0 0 0 0 0 0 0 0 0 0 0 0 0 
0
X from QP: 19.9255 22.1858 24.354 26.4086 28.3402 30.1488 31.8413 33.4298 34.9292 36.3554 37.7242 39.0491 40.3407 41.6068 42.8514 44.0757 
Y from QP: 0 0 0 0 0 0 0 0 0 0 0 0 0 0 0 0 
VX from QP: 6.94634 6.94596 6.94557 6.94519 6.94481 6.94443 6.94404 6.94366 6.94328 6.9429 6.94252 6.94214 6.94175 6.94137 6.94099 6.94061 
VY from QP: 0 0 0 0 0 0 0 0 0 0 0 0 0 0 0 0 
1
X from QP: 19.9255 22.1803 24.3421 26.3917 28.3206 30.129 31.8234 33.415 34.9182 36.3484 37.7208 39.0485 40.3421 41.6092 42.8538 44.0772 
Y from QP: 0 0 0 0 0 0 0 0 0 0 0 0 0 0 0 0 
VX from QP: 6.94634 6.9459 6.94547 6.94503 6.9446 6.94416 6.94373 6.94329 6.94286 6.94243 6.94199 6.94156 6.94113 6.94069 6.94026 6.93983 
VY from QP: 0 0 0 0 0 0 0 0 0 0 0 0 0 0 0 0 
Now x by QP is: 20.614
Now y by QP is: 0
Now vx by QP is: 6.8253
Now vy by QP is: 0
0,4,4500,car, x: 20.614, y: 0, vx: 6.8253, vy: 0, psi_rad: 0,4.67,1.74
