0,0,0,car, x: -10, y: 0, vx: 2, vy: 0, psi_rad: 0,4.67,1.74
The formal decision is: 00000 namely is: 0
Final decision is: 
The corresponding cost is: 5
The cost of the formal decision is: 5
Path: 0 0 0 0 0 
Total cost: 5
V from As: 2 2 2 2 2 2 2 2 2 2 2 2 2 2 2 2
S from Astar: 0 0.666667 1.33333 2 2.66667 3.33333 4 4.66667 5.33333 6 6.66667 7.33333 8 8.66667 9.33333 10 
X from Astar: -10 -9.33333 -8.66667 -8 -7.33333 -6.66667 -6 -5.33333 -4.66667 -4 -3.33333 -2.66667 -2 -1.33333 -0.666667 1.67759e-10 
Y from Astar: 0 0 0 0 0 0 0 0 0 0 0 0 0 0 0 0 
0
X from QP: -10 -9.33333 -8.66667 -8 -7.33333 -6.66667 -6 -5.33333 -4.66667 -4 -3.33333 -2.66667 -2 -1.33333 -0.666667 1.69108e-10 
Y from QP: 0 0 0 0 0 0 0 0 0 0 0 0 0 0 0 0 
VX from QP: 2 2 2 2 2 2 2 2 2 2 2 2 2 2 2 2 
VY from QP: 0 0 0 0 0 0 0 0 0 0 0 0 0 0 0 0 
Now x by QP is: -9.8
Now y by QP is: 0
Now vx by QP is: 2
Now vy by QP is: 0
1
X from QP: -10 -9.33333 -8.66667 -8 -7.33333 -6.66667 -6 -5.33333 -4.66667 -4 -3.33333 -2.66667 -2 -1.33333 -0.666667 1.69108e-10 
Y from QP: 0 0 0 0 0 0 0 0 0 0 0 0 0 0 0 0 
VX from QP: 2 2 2 2 2 2 2 2 2 2 2 2 2 2 2 2 
VY from QP: 0 0 0 0 0 0 0 0 0 0 0 0 0 0 0 0 
0,0,100,car, x: -9.8, y: 0, vx: 2, vy: 0, psi_rad: 0,4.67,1.74
The formal decision is:  namely is: 0
Final decision is: 
The corresponding cost is: 5
The cost of the formal decision is: 5
Path: 0 0 0 0 0 
Total cost: 5
V from As: 2 2 2 2 2 2 2 2 2 2 2 2 2 2 2 2
S from Astar: 0 0.666667 1.33333 2 2.66667 3.33333 4 4.66667 5.33333 6 6.66667 7.33333 8 8.66667 9.33333 10 
X from Astar: -9.8 -9.13333 -8.46667 -7.8 -7.13333 -6.46667 -5.8 -5.13333 -4.46667 -3.8 -3.13333 -2.46667 -1.8 -1.13333 -0.466667 0.2 
Y from Astar: 0 0 0 0 0 0 0 0 0 0 0 0 0 0 0 0 
0
X from QP: -9.8 -9.13333 -8.46667 -7.8 -7.13333 -6.46667 -5.8 -5.13333 -4.46667 -3.8 -3.13333 -2.46667 -1.8 -1.13333 -0.466667 0.2 
Y from QP: 0 0 0 0 0 0 0 0 0 0 0 0 0 0 0 0 
VX from QP: 2 2 2 2 2 2 2 2 2 2 2 2 2 2 2 2 
VY from QP: 0 0 0 0 0 0 0 0 0 0 0 0 0 0 0 0 
Now x by QP is: -9.6
Now y by QP is: 0
Now vx by QP is: 2
Now vy by QP is: 0
1
X from QP: -9.8 -9.13333 -8.46667 -7.8 -7.13333 -6.46667 -5.8 -5.13333 -4.46667 -3.8 -3.13333 -2.46667 -1.8 -1.13333 -0.466667 0.2 
Y from QP: 0 0 0 0 0 0 0 0 0 0 0 0 0 0 0 0 
VX from QP: 2 2 2 2 2 2 2 2 2 2 2 2 2 2 2 2 
VY from QP: 0 0 0 0 0 0 0 0 0 0 0 0 0 0 0 0 
0,0,200,car, x: -9.6, y: 0, vx: 2, vy: 0, psi_rad: 0,4.67,1.74
The formal decision is:  namely is: 0
Final decision is: 
The corresponding cost is: 5
The cost of the formal decision is: 5
Path: 0 0 0 0 0 
Total cost: 5
V from As: 2 2 2 2 2 2 2 2 2 2 2 2 2 2 2 2
S from Astar: 0 0.666667 1.33333 2 2.66667 3.33333 4 4.66667 5.33333 6 6.66667 7.33333 8 8.66667 9.33333 10 
X from Astar: -9.6 -8.93333 -8.26667 -7.6 -6.93333 -6.26667 -5.6 -4.93333 -4.26667 -3.6 -2.93333 -2.26667 -1.6 -0.933333 -0.266667 0.4 
Y from Astar: 0 0 0 0 0 0 0 0 0 0 0 0 0 0 0 0 
0
X from QP: -9.6 -8.93333 -8.26667 -7.6 -6.93333 -6.26667 -5.6 -4.93333 -4.26667 -3.6 -2.93333 -2.26667 -1.6 -0.933333 -0.266667 0.4 
Y from QP: 0 0 0 0 0 0 0 0 0 0 0 0 0 0 0 0 
VX from QP: 2 2 2 2 2 2 2 2 2 2 2 2 2 2 2 2 
VY from QP: 0 0 0 0 0 0 0 0 0 0 0 0 0 0 0 0 
Now x by QP is: -9.4
Now y by QP is: 0
Now vx by QP is: 2
Now vy by QP is: 0
1
X from QP: -9.6 -8.93333 -8.26667 -7.6 -6.93333 -6.26667 -5.6 -4.93333 -4.26667 -3.6 -2.93333 -2.26667 -1.6 -0.933333 -0.266667 0.4 
Y from QP: 0 0 0 0 0 0 0 0 0 0 0 0 0 0 0 0 
VX from QP: 2 2 2 2 2 2 2 2 2 2 2 2 2 2 2 2 
VY from QP: 0 0 0 0 0 0 0 0 0 0 0 0 0 0 0 0 
0,0,300,car, x: -9.4, y: 0, vx: 2, vy: 0, psi_rad: 0,4.67,1.74
The formal decision is:  namely is: 0
Final decision is: 
The corresponding cost is: 5
The cost of the formal decision is: 5
Path: 0 0 0 0 0 
Total cost: 5
V from As: 2 2 2 2 2 2 2 2 2 2 2 2 2 2 2 2
S from Astar: 0 0.666667 1.33333 2 2.66667 3.33333 4 4.66667 5.33333 6 6.66667 7.33333 8 8.66667 9.33333 10 
X from Astar: -9.4 -8.73333 -8.06667 -7.4 -6.73333 -6.06667 -5.4 -4.73333 -4.06667 -3.4 -2.73333 -2.06667 -1.4 -0.733333 -0.0666667 0.6 
Y from Astar: 0 0 0 0 0 0 0 0 0 0 0 0 0 0 0 0 
0
X from QP: -9.4 -8.73333 -8.06667 -7.4 -6.73333 -6.06667 -5.4 -4.73333 -4.06667 -3.4 -2.73333 -2.06667 -1.4 -0.733333 -0.0666667 0.6 
Y from QP: 0 0 0 0 0 0 0 0 0 0 0 0 0 0 0 0 
VX from QP: 2 2 2 2 2 2 2 2 2 2 2 2 2 2 2 2 
VY from QP: 0 0 0 0 0 0 0 0 0 0 0 0 0 0 0 0 
Now x by QP is: -9.2
Now y by QP is: 0
Now vx by QP is: 2
Now vy by QP is: 0
1
X from QP: -9.4 -8.73333 -8.06667 -7.4 -6.73333 -6.06667 -5.4 -4.73333 -4.06667 -3.4 -2.73333 -2.06667 -1.4 -0.733333 -0.0666667 0.6 
Y from QP: 0 0 0 0 0 0 0 0 0 0 0 0 0 0 0 0 
VX from QP: 2 2 2 2 2 2 2 2 2 2 2 2 2 2 2 2 
VY from QP: 0 0 0 0 0 0 0 0 0 0 0 0 0 0 0 0 
0,0,400,car, x: -9.2, y: 0, vx: 2, vy: 0, psi_rad: 0,4.67,1.74
The formal decision is:  namely is: 0
Final decision is: 
The corresponding cost is: 5
The cost of the formal decision is: 5
Path: 0 0 0 0 0 
Total cost: 5
V from As: 2 2 2 2 2 2 2 2 2 2 2 2 2 2 2 2
S from Astar: 0 0.666667 1.33333 2 2.66667 3.33333 4 4.66667 5.33333 6 6.66667 7.33333 8 8.66667 9.33333 10 
X from Astar: -9.2 -8.53333 -7.86667 -7.2 -6.53333 -5.86667 -5.2 -4.53333 -3.86667 -3.2 -2.53333 -1.86667 -1.2 -0.533333 0.133333 0.8 
Y from Astar: 0 0 0 0 0 0 0 0 0 0 0 0 0 0 0 0 
0
X from QP: -9.2 -8.53333 -7.86667 -7.2 -6.53333 -5.86667 -5.2 -4.53333 -3.86667 -3.2 -2.53333 -1.86667 -1.2 -0.533333 0.133333 0.8 
Y from QP: 0 0 0 0 0 0 0 0 0 0 0 0 0 0 0 0 
VX from QP: 2 2 2 2 2 2 2 2 2 2 2 2 2 2 2 2 
VY from QP: 0 0 0 0 0 0 0 0 0 0 0 0 0 0 0 0 
Now x by QP is: -9
Now y by QP is: 0
Now vx by QP is: 2
Now vy by QP is: 0
1
X from QP: -9.2 -8.53333 -7.86667 -7.2 -6.53333 -5.86667 -5.2 -4.53333 -3.86667 -3.2 -2.53333 -1.86667 -1.2 -0.533333 0.133333 0.8 
Y from QP: 0 0 0 0 0 0 0 0 0 0 0 0 0 0 0 0 
VX from QP: 2 2 2 2 2 2 2 2 2 2 2 2 2 2 2 2 
VY from QP: 0 0 0 0 0 0 0 0 0 0 0 0 0 0 0 0 
0,0,500,car, x: -9, y: 0, vx: 2, vy: 0, psi_rad: 0,4.67,1.74
The formal decision is:  namely is: 0
Final decision is: 
The corresponding cost is: 5
The cost of the formal decision is: 5
Path: 0 0 0 0 0 
Total cost: 5
V from As: 2 2 2 2 2 2 2 2 2 2 2 2 2 2 2 2
S from Astar: 0 0.666667 1.33333 2 2.66667 3.33333 4 4.66667 5.33333 6 6.66667 7.33333 8 8.66667 9.33333 10 
X from Astar: -9 -8.33333 -7.66667 -7 -6.33333 -5.66667 -5 -4.33333 -3.66667 -3 -2.33333 -1.66667 -1 -0.333333 0.333333 1 
Y from Astar: 0 0 0 0 0 0 0 0 0 0 0 0 0 0 0 0 
0
X from QP: -9 -8.33333 -7.66667 -7 -6.33333 -5.66667 -5 -4.33333 -3.66667 -3 -2.33333 -1.66667 -1 -0.333333 0.333333 1 
Y from QP: 0 0 0 0 0 0 0 0 0 0 0 0 0 0 0 0 
VX from QP: 2 2 2 2 2 2 2 2 2 2 2 2 2 2 2 2 
VY from QP: 0 0 0 0 0 0 0 0 0 0 0 0 0 0 0 0 
Now x by QP is: -8.8
Now y by QP is: 0
Now vx by QP is: 2
Now vy by QP is: 0
1
X from QP: -9 -8.33333 -7.66667 -7 -6.33333 -5.66667 -5 -4.33333 -3.66667 -3 -2.33333 -1.66667 -1 -0.333333 0.333333 1 
Y from QP: 0 0 0 0 0 0 0 0 0 0 0 0 0 0 0 0 
VX from QP: 2 2 2 2 2 2 2 2 2 2 2 2 2 2 2 2 
VY from QP: 0 0 0 0 0 0 0 0 0 0 0 0 0 0 0 0 
0,0,600,car, x: -8.8, y: 0, vx: 2, vy: 0, psi_rad: 0,4.67,1.74
The formal decision is:  namely is: 0
Final decision is: 
The corresponding cost is: 5
The cost of the formal decision is: 5
Path: 0 0 0 0 0 
Total cost: 5
V from As: 2 2 2 2 2 2 2 2 2 2 2 2 2 2 2 2
S from Astar: 0 0.666667 1.33333 2 2.66667 3.33333 4 4.66667 5.33333 6 6.66667 7.33333 8 8.66667 9.33333 10 
X from Astar: -8.8 -8.13333 -7.46667 -6.8 -6.13333 -5.46667 -4.8 -4.13333 -3.46667 -2.8 -2.13333 -1.46667 -0.8 -0.133333 0.533333 1.2 
Y from Astar: 0 0 0 0 0 0 0 0 0 0 0 0 0 0 0 0 
0
X from QP: -8.8 -8.13333 -7.46667 -6.8 -6.13333 -5.46667 -4.8 -4.13333 -3.46667 -2.8 -2.13333 -1.46667 -0.8 -0.133333 0.533333 1.2 
Y from QP: 0 0 0 0 0 0 0 0 0 0 0 0 0 0 0 0 
VX from QP: 2 2 2 2 2 2 2 2 2 2 2 2 2 2 2 2 
VY from QP: 0 0 0 0 0 0 0 0 0 0 0 0 0 0 0 0 
Now x by QP is: -8.6
Now y by QP is: 0
Now vx by QP is: 2
Now vy by QP is: 0
1
X from QP: -8.8 -8.13333 -7.46667 -6.8 -6.13333 -5.46667 -4.8 -4.13333 -3.46667 -2.8 -2.13333 -1.46667 -0.8 -0.133333 0.533333 1.2 
Y from QP: 0 0 0 0 0 0 0 0 0 0 0 0 0 0 0 0 
VX from QP: 2 2 2 2 2 2 2 2 2 2 2 2 2 2 2 2 
VY from QP: 0 0 0 0 0 0 0 0 0 0 0 0 0 0 0 0 
0,0,700,car, x: -8.6, y: 0, vx: 2, vy: 0, psi_rad: 0,4.67,1.74
The formal decision is:  namely is: 0
Final decision is: 
The corresponding cost is: 5
The cost of the formal decision is: 5
Path: 0 0 0 0 0 
Total cost: 5
V from As: 2 2 2 2 2 2 2 2 2 2 2 2 2 2 2 2
S from Astar: 0 0.666667 1.33333 2 2.66667 3.33333 4 4.66667 5.33333 6 6.66667 7.33333 8 8.66667 9.33333 10 
X from Astar: -8.6 -7.93333 -7.26667 -6.6 -5.93333 -5.26667 -4.6 -3.93333 -3.26667 -2.6 -1.93333 -1.26667 -0.6 0.0666667 0.733333 1.4 
Y from Astar: 0 0 0 0 0 0 0 0 0 0 0 0 0 0 0 0 
0
X from QP: -8.6 -7.93333 -7.26667 -6.6 -5.93333 -5.26667 -4.6 -3.93333 -3.26667 -2.6 -1.93333 -1.26667 -0.6 0.0666667 0.733333 1.4 
Y from QP: 0 0 0 0 0 0 0 0 0 0 0 0 0 0 0 0 
VX from QP: 2 2 2 2 2 2 2 2 2 2 2 2 2 2 2 2 
VY from QP: 0 0 0 0 0 0 0 0 0 0 0 0 0 0 0 0 
Now x by QP is: -8.4
Now y by QP is: 0
Now vx by QP is: 2
Now vy by QP is: 0
1
X from QP: -8.6 -7.93333 -7.26667 -6.6 -5.93333 -5.26667 -4.6 -3.93333 -3.26667 -2.6 -1.93333 -1.26667 -0.6 0.0666667 0.733333 1.4 
Y from QP: 0 0 0 0 0 0 0 0 0 0 0 0 0 0 0 0 
VX from QP: 2 2 2 2 2 2 2 2 2 2 2 2 2 2 2 2 
VY from QP: 0 0 0 0 0 0 0 0 0 0 0 0 0 0 0 0 
0,0,800,car, x: -8.4, y: 0, vx: 2, vy: 0, psi_rad: 0,4.67,1.74
The formal decision is:  namely is: 0
Final decision is: 
The corresponding cost is: 5
The cost of the formal decision is: 5
Path: 0 0 0 0 0 
Total cost: 5
V from As: 2 2 2 2 2 2 2 2 2 2 2 2 2 2 2 2
S from Astar: 0 0.666667 1.33333 2 2.66667 3.33333 4 4.66667 5.33333 6 6.66667 7.33333 8 8.66667 9.33333 10 
X from Astar: -8.4 -7.73333 -7.06667 -6.4 -5.73333 -5.06667 -4.4 -3.73333 -3.06667 -2.4 -1.73333 -1.06667 -0.4 0.266667 0.933333 1.6 
Y from Astar: 0 0 0 0 0 0 0 0 0 0 0 0 0 0 0 0 
0
X from QP: -8.4 -7.73333 -7.06667 -6.4 -5.73333 -5.06667 -4.4 -3.73333 -3.06667 -2.4 -1.73333 -1.06667 -0.4 0.266667 0.933333 1.6 
Y from QP: 0 0 0 0 0 0 0 0 0 0 0 0 0 0 0 0 
VX from QP: 2 2 2 2 2 2 2 2 2 2 2 2 2 2 2 2 
VY from QP: 0 0 0 0 0 0 0 0 0 0 0 0 0 0 0 0 
Now x by QP is: -8.2
Now y by QP is: 0
Now vx by QP is: 2
Now vy by QP is: 0
1
X from QP: -8.4 -7.73333 -7.06667 -6.4 -5.73333 -5.06667 -4.4 -3.73333 -3.06667 -2.4 -1.73333 -1.06667 -0.4 0.266667 0.933333 1.6 
Y from QP: 0 0 0 0 0 0 0 0 0 0 0 0 0 0 0 0 
VX from QP: 2 2 2 2 2 2 2 2 2 2 2 2 2 2 2 2 
VY from QP: 0 0 0 0 0 0 0 0 0 0 0 0 0 0 0 0 
0,0,900,car, x: -8.2, y: 0, vx: 2, vy: 0, psi_rad: 0,4.67,1.74
The formal decision is:  namely is: 0
Final decision is: 
The corresponding cost is: 5
The cost of the formal decision is: 5
Path: 0 0 0 0 0 
Total cost: 5
V from As: 2 2 2 2 2 2 2 2 2 2 2 2 2 2 2 2
S from Astar: 0 0.666667 1.33333 2 2.66667 3.33333 4 4.66667 5.33333 6 6.66667 7.33333 8 8.66667 9.33333 10 
X from Astar: -8.2 -7.53333 -6.86667 -6.2 -5.53333 -4.86667 -4.2 -3.53333 -2.86667 -2.2 -1.53333 -0.866667 -0.2 0.466667 1.13333 1.8 
Y from Astar: 0 0 0 0 0 0 0 0 0 0 0 0 0 0 0 0 
0
X from QP: -8.2 -7.53333 -6.86667 -6.2 -5.53333 -4.86667 -4.2 -3.53333 -2.86667 -2.2 -1.53333 -0.866667 -0.2 0.466667 1.13333 1.8 
Y from QP: 0 0 0 0 0 0 0 0 0 0 0 0 0 0 0 0 
VX from QP: 2 2 2 2 2 2 2 2 2 2 2 2 2 2 2 2 
VY from QP: 0 0 0 0 0 0 0 0 0 0 0 0 0 0 0 0 
Now x by QP is: -8
Now y by QP is: 0
Now vx by QP is: 2
Now vy by QP is: 0
1
X from QP: -8.2 -7.53333 -6.86667 -6.2 -5.53333 -4.86667 -4.2 -3.53333 -2.86667 -2.2 -1.53333 -0.866667 -0.2 0.466667 1.13333 1.8 
Y from QP: 0 0 0 0 0 0 0 0 0 0 0 0 0 0 0 0 
VX from QP: 2 2 2 2 2 2 2 2 2 2 2 2 2 2 2 2 
VY from QP: 0 0 0 0 0 0 0 0 0 0 0 0 0 0 0 0 
0,1,1000,car, x: -8, y: 0, vx: 2, vy: 0, psi_rad: 0,4.67,1.74
1  s_f 14.93  s_b 21.07  t_i 5  t_o 5
The formal decision is:  namely is: 0
Final decision is: 00001
The corresponding cost is: -234
The cost of the formal decision is: 13
Path: 2 1 1 1 0 
Total cost: -234
V from As: 2 2.66667 3.33333 4 4.33333 4.66667 5 5.33333 5.66667 6 6.33333 6.66667 7 7 7 7
S from Astar: 0 0.777778 1.77778 3 4.38889 5.88889 7.5 9.22222 11.0556 13 15.0556 17.2222 19.5 21.8333 24.1667 26.5 
X from Astar: -8 -7.22222 -6.22222 -5 -3.61111 -2.11111 -0.5 1.22222 3.05556 5 7.05556 9.22222 11.5 13.8333 16.1667 18.5 
Y from Astar: 0 0 0 0 0 0 0 0 0 0 0 0 0 0 0 0 
0
X from QP: -8 -7.23553 -6.31478 -5.20976 -3.91458 -2.4373 -0.794927 0.991515 2.90183 4.91746 7.02237 9.20389 11.4525 13.7617 16.1279 18.5497 
Y from QP: 0 0 0 0 0 0 0 0 0 0 0 0 0 0 0 0 
VX from QP: 2 2.00069 2.00138 2.00206 2.00275 2.00344 2.00413 2.00481 2.0055 2.00618 2.00687 2.00756 2.00824 2.00893 2.00961 2.01029 
VY from QP: 0 0 0 0 0 0 0 0 0 0 0 0 0 0 0 0 
Now x by QP is: -7.79013
Now y by QP is: 0
Now vx by QP is: 2.19283
Now vy by QP is: 0
1
X from QP: -8 -7.23553 -6.31478 -5.20976 -3.91458 -2.4373 -0.794927 0.991515 2.90183 4.91746 7.02237 9.20389 11.4525 13.7617 16.1279 18.5497 
Y from QP: 0 0 0 0 0 0 0 0 0 0 0 0 0 0 0 0 
VX from QP: 2 2.00069 2.00138 2.00206 2.00275 2.00344 2.00413 2.00481 2.0055 2.00618 2.00687 2.00756 2.00824 2.00893 2.00961 2.01029 
VY from QP: 0 0 0 0 0 0 0 0 0 0 0 0 0 0 0 0 
0,1,1100,car, x: -7.79013, y: 0, vx: 2.19283, vy: 0, psi_rad: 0,4.67,1.74
1  s_f 14.73  s_b 20.87  t_i 4.9  t_o 5
The formal decision is: 00001 namely is: 1
Final decision is: 00001
The corresponding cost is: -233.186
The cost of the formal decision is: -233.186
Path: 2 2 0 0 -1 
Total cost: -233.186
V from As: 2.19283 2.8595 3.52616 4.19283 4.8595 5.52616 6.19283 6.19283 6.19283 6.19283 6.19283 6.19283 6.19283 5.8595 5.52616 5.19283
S from Astar: 0 0.842055 1.90633 3.19283 4.70155 6.4325 8.38566 10.4499 12.5142 14.5785 16.6428 18.707 20.7713 22.78 24.6777 26.4642 
X from Astar: -7.79013 -6.94807 -5.8838 -4.5973 -3.08858 -1.35763 0.595532 2.65981 4.72409 6.78836 8.85264 10.9169 12.9812 14.9899 16.8875 18.674 
Y from Astar: 0 0 0 0 0 0 0 0 0 0 0 0 0 0 0 0 
0
X from QP: -7.79013 -6.9428 -5.90927 -4.65733 -3.18401 -1.50756 0.339415 2.31667 4.38284 6.49854 8.62942 10.7493 12.8394 14.8879 16.8892 18.8417 
Y from QP: 0 0 0 0 0 0 0 0 0 0 0 0 0 0 0 0 
VX from QP: 2.19283 2.19365 2.19447 2.19528 2.1961 2.19692 2.19774 2.19855 2.19937 2.20018 2.201 2.20181 2.20263 2.20344 2.20425 2.20507 
VY from QP: 0 0 0 0 0 0 0 0 0 0 0 0 0 0 0 0 
Now x by QP is: -7.55911
Now y by QP is: 0
Now vx by QP is: 2.42216
Now vy by QP is: 0
1
X from QP: -7.79013 -6.9341 -5.89022 -4.63014 -3.15248 -1.4757 0.368313 2.34043 4.40039 6.50976 8.63494 10.7502 12.8372 14.884 16.8853 18.8393 
Y from QP: 0 0 0 0 0 0 0 0 0 0 0 0 0 0 0 0 
VX from QP: 2.19283 2.19373 2.19464 2.19554 2.19644 2.19734 2.19824 2.19914 2.20004 2.20094 2.20184 2.20274 2.20364 2.20453 2.20543 2.20633 
VY from QP: 0 0 0 0 0 0 0 0 0 0 0 0 0 0 0 0 
0,1,1200,car, x: -7.55911, y: 0, vx: 2.42216, vy: 0, psi_rad: 0,4.67,1.74
1  s_f 14.49  s_b 20.63  t_i 4.8  t_o 5
The formal decision is: 00001 namely is: 1
Final decision is: 00001
The corresponding cost is: -241.977
The cost of the formal decision is: -241.977
Path: 2 1 1 0 0 
Total cost: -241.977
V from As: 2.42216 3.08882 3.75549 4.42216 4.75549 5.08882 5.42216 5.75549 6.08882 6.42216 6.42216 6.42216 6.42216 6.42216 6.42216 6.42216
S from Astar: 0 0.918496 2.05921 3.42216 4.95176 6.59248 8.34431 10.2073 12.1813 14.2665 16.4072 18.5479 20.6886 22.8293 24.9701 27.1108 
X from Astar: -7.55911 -6.64061 -5.49989 -4.13695 -2.60735 -0.966628 0.785202 2.64814 4.62219 6.70736 8.84808 10.9888 13.1295 15.2702 17.4109 19.5517 
Y from Astar: 0 0 0 0 0 0 0 0 0 0 0 0 0 0 0 0 
0
X from QP: -7.55911 -6.65068 -5.58151 -4.32428 -2.87564 -1.24798 0.535839 2.44778 4.45973 6.54521 8.68113 10.8496 13.0375 15.2363 17.4416 19.6521 
Y from QP: 0 0 0 0 0 0 0 0 0 0 0 0 0 0 0 0 
VX from QP: 2.42216 2.42287 2.42358 2.42429 2.425 2.42571 2.42642 2.42713 2.42784 2.42855 2.42926 2.42997 2.43068 2.43139 2.4321 2.4328 
VY from QP: 0 0 0 0 0 0 0 0 0 0 0 0 0 0 0 0 
Now x by QP is: -7.30669
Now y by QP is: 0
Now vx by QP is: 2.62152
Now vy by QP is: 0
1
X from QP: -7.55911 -6.63952 -5.55706 -4.2894 -2.83519 -1.20712 0.572906 2.47827 4.48225 6.5596 8.68822 10.8508 13.0346 15.2313 17.4366 19.649 
Y from QP: 0 0 0 0 0 0 0 0 0 0 0 0 0 0 0 0 
VX from QP: 2.42216 2.42298 2.4238 2.42462 2.42544 2.42625 2.42707 2.42789 2.42871 2.42953 2.43034 2.43116 2.43198 2.43279 2.43361 2.43442 
VY from QP: 0 0 0 0 0 0 0 0 0 0 0 0 0 0 0 0 
0,1,1300,car, x: -7.30669, y: 0, vx: 2.62152, vy: 0, psi_rad: 0,4.67,1.74
1  s_f 14.24  s_b 20.38  t_i 4.7  t_o 5
The formal decision is: 00001 namely is: 1
Final decision is: 00001
The corresponding cost is: -237.395
The cost of the formal decision is: -237.395
Path: 2 1 1 0 -1 
Total cost: -237.395
V from As: 2.62152 3.28819 3.95485 4.62152 4.95485 5.28819 5.62152 5.95485 6.28819 6.62152 6.62152 6.62152 6.62152 6.28819 5.95485 5.62152
S from Astar: 0 0.984951 2.19212 3.62152 5.21758 6.92475 8.74304 10.6724 12.7129 14.8646 17.0717 19.2789 21.4861 23.6377 25.6782 27.6076 
X from Astar: -7.30669 -6.32174 -5.11456 -3.68517 -2.08911 -0.381934 1.43635 3.36575 5.40625 7.55787 9.76504 11.9722 14.1794 16.331 18.3715 20.3009 
Y from Astar: 0 0 0 0 0 0 0 0 0 0 0 0 0 0 0 0 
0
X from QP: -7.30669 -6.33098 -5.19296 -3.86485 -2.34325 -0.64123 1.217 3.20115 5.27984 7.42268 9.60218 11.7959 13.9865 16.1625 18.3182 20.4518 
Y from QP: 0 0 0 0 0 0 0 0 0 0 0 0 0 0 0 0 
VX from QP: 2.62152 2.62224 2.62295 2.62367 2.62439 2.6251 2.62582 2.62653 2.62725 2.62796 2.62868 2.62939 2.63011 2.63082 2.63153 2.63225 
VY from QP: 0 0 0 0 0 0 0 0 0 0 0 0 0 0 0 0 
Now x by QP is: -7.03425
Now y by QP is: 0
Now vx by QP is: 2.82244
Now vy by QP is: 0
1
X from QP: -7.30669 -6.32095 -5.171 -3.83351 -2.30692 -0.604513 1.25031 3.22854 5.30007 7.43561 9.60855 11.797 13.984 16.158 18.3137 20.4491 
Y from QP: 0 0 0 0 0 0 0 0 0 0 0 0 0 0 0 0 
VX from QP: 2.62152 2.62233 2.62315 2.62396 2.62478 2.62559 2.6264 2.62722 2.62803 2.62884 2.62965 2.63046 2.63127 2.63208 2.63289 2.6337 
VY from QP: 0 0 0 0 0 0 0 0 0 0 0 0 0 0 0 0 
0,1,1400,car, x: -7.03425, y: 0, vx: 2.82244, vy: 0, psi_rad: 0,4.67,1.74
1  s_f 13.97  s_b 20.11  t_i 4.6  t_o 5
The formal decision is: 00001 namely is: 1
Final decision is: 00001
The corresponding cost is: -238.169
The cost of the formal decision is: -238.169
Path: 2 1 0 1 -1 
Total cost: -238.169
V from As: 2.82244 3.48911 4.15577 4.82244 5.15577 5.48911 5.82244 5.82244 5.82244 5.82244 6.15577 6.48911 6.82244 6.48911 6.15577 5.82244
S from Astar: 0 1.05192 2.32607 3.82244 5.48547 7.25962 9.14488 11.0857 13.0265 14.9673 16.9637 19.0712 21.2898 23.5083 25.6158 27.6122 
X from Astar: -7.03425 -5.98233 -4.70818 -3.21181 -1.54878 0.22537 2.11063 4.05144 5.99225 7.93307 9.92944 12.0369 14.2555 16.4741 18.5816 20.5779 
Y from Astar: 0 0 0 0 0 0 0 0 0 0 0 0 0 0 0 0 
0
X from QP: -7.03425 -5.99226 -4.79211 -3.41107 -1.85111 -0.129844 1.72577 3.68542 5.72152 7.80996 9.93092 12.0698 14.2165 16.3647 18.5113 20.6552 
Y from QP: 0 0 0 0 0 0 0 0 0 0 0 0 0 0 0 0 
VX from QP: 2.82244 2.82316 2.82387 2.82459 2.82531 2.82602 2.82674 2.82745 2.82817 2.82888 2.8296 2.83031 2.83102 2.83174 2.83245 2.83316 
VY from QP: 0 0 0 0 0 0 0 0 0 0 0 0 0 0 0 0 
Now x by QP is: -6.74174
Now y by QP is: 0
Now vx by QP is: 3.02275
Now vy by QP is: 0
1
X from QP: -7.03425 -5.98226 -4.77022 -3.37983 -1.8149 -0.0932466 1.75896 3.71272 5.74169 7.82285 9.93727 12.0709 14.214 16.3603 18.5067 20.6524 
Y from QP: 0 0 0 0 0 0 0 0 0 0 0 0 0 0 0 0 
VX from QP: 2.82244 2.82325 2.82407 2.82488 2.82569 2.82651 2.82732 2.82813 2.82894 2.82975 2.83056 2.83137 2.83218 2.83299 2.8338 2.83461 
VY from QP: 0 0 0 0 0 0 0 0 0 0 0 0 0 0 0 0 
0,1,1500,car, x: -6.74174, y: 0, vx: 3.02275, vy: 0, psi_rad: 0,4.67,1.74
1  s_f 13.68  s_b 19.82  t_i 4.5  t_o 5
The formal decision is: 00001 namely is: 1
Final decision is: 00001
The corresponding cost is: -232.36
The cost of the formal decision is: -232.36
Path: 2 1 1 -1 -1 
Total cost: -232.36
V from As: 3.02275 3.68942 4.35609 5.02275 5.35609 5.68942 6.02275 6.35609 6.68942 7.02275 6.68942 6.35609 6.02275 5.68942 5.35609 5.02275
S from Astar: 0 1.1187 2.45961 4.02275 5.75256 7.59348 9.54551 11.6086 13.7829 16.0683 18.3536 20.5279 22.591 24.543 26.384 28.1138 
X from Astar: -6.74174 -5.62305 -4.28213 -2.71899 -0.989183 0.851735 2.80376 4.8669 7.04115 9.32652 11.6119 13.7861 15.8493 17.8013 19.6422 21.372 
Y from Astar: 0 0 0 0 0 0 0 0 0 0 0 0 0 0 0 0 
0
X from QP: -6.74174 -5.62905 -4.34958 -2.87623 -1.20815 0.637274 2.62998 4.73265 6.90601 9.11172 11.3153 13.4889 15.6119 17.6704 19.6583 21.5736 
Y from QP: 0 0 0 0 0 0 0 0 0 0 0 0 0 0 0 0 
VX from QP: 3.02275 3.02349 3.02423 3.02498 3.02572 3.02646 3.02719 3.02793 3.02867 3.02941 3.03015 3.03089 3.03162 3.03236 3.0331 3.03384 
VY from QP: 0 0 0 0 0 0 0 0 0 0 0 0 0 0 0 0 
Now x by QP is: -6.42885
Now y by QP is: 0
Now vx by QP is: 3.23021
Now vy by QP is: 0
1
X from QP: -6.74174 -5.61912 -4.32782 -2.84517 -1.17214 0.67366 2.66298 4.7598 6.92606 9.12453 11.3216 13.49 15.6093 17.666 19.6538 21.5709 
Y from QP: 0 0 0 0 0 0 0 0 0 0 0 0 0 0 0 0 
VX from QP: 3.02275 3.02359 3.02443 3.02527 3.0261 3.02694 3.02777 3.02861 3.02944 3.03028 3.03111 3.03195 3.03278 3.03361 3.03444 3.03528 
VY from QP: 0 0 0 0 0 0 0 0 0 0 0 0 0 0 0 0 
0,1,1600,car, x: -6.42885, y: 0, vx: 3.23021, vy: 0, psi_rad: 0,4.67,1.74
1  s_f 13.36  s_b 19.5  t_i 4.4  t_o 5
The formal decision is: 00001 namely is: 1
Final decision is: 00001
The corresponding cost is: -243.75
The cost of the formal decision is: -243.75
Path: 2 1 0 0 -1 
Total cost: -243.75
V from As: 3.23021 3.89687 4.56354 5.23021 5.56354 5.89687 6.23021 6.23021 6.23021 6.23021 6.23021 6.23021 6.23021 5.89687 5.56354 5.23021
S from Astar: 0 1.18785 2.59791 4.23021 6.02916 7.93923 9.96041 12.0371 14.1139 16.1906 18.2674 20.3441 22.4208 24.442 26.3521 28.151 
X from Astar: -6.42885 -5.241 -3.83093 -2.19864 -0.399683 1.51039 3.53157 5.6083 7.68504 9.76177 11.8385 13.9152 15.992 18.0132 19.9232 21.7222 
Y from Astar: 0 0 0 0 0 0 0 0 0 0 0 0 0 0 0 0 
0
X from QP: -6.42885 -5.24769 -3.90392 -2.37546 -0.666838 1.20001 3.19227 5.27263 7.40557 9.55905 11.7062 13.8273 15.9085 17.9414 19.9223 21.8501 
Y from QP: 0 0 0 0 0 0 0 0 0 0 0 0 0 0 0 0 
VX from QP: 3.23021 3.23095 3.23169 3.23243 3.23317 3.23391 3.23465 3.23538 3.23612 3.23686 3.2376 3.23834 3.23907 3.23981 3.24055 3.24128 
VY from QP: 0 0 0 0 0 0 0 0 0 0 0 0 0 0 0 0 
Now x by QP is: -6.09522
Now y by QP is: 0
Now vx by QP is: 3.43705
Now vy by QP is: 0
1
X from QP: -6.42885 -5.23742 -3.88142 -2.34334 -0.629605 1.23763 3.2264 5.3007 7.4263 9.5723 11.7128 13.8284 15.9058 17.9368 19.9176 21.8473 
Y from QP: 0 0 0 0 0 0 0 0 0 0 0 0 0 0 0 0 
VX from QP: 3.23021 3.23105 3.23189 3.23273 3.23357 3.23441 3.23524 3.23608 3.23692 3.23776 3.23859 3.23943 3.24027 3.2411 3.24194 3.24277 
VY from QP: 0 0 0 0 0 0 0 0 0 0 0 0 0 0 0 0 
0,1,1700,car, x: -6.09522, y: 0, vx: 3.43705, vy: 0, psi_rad: 0,4.67,1.74
1  s_f 13.03  s_b 19.17  t_i 4.3  t_o 5
The formal decision is: 00001 namely is: 1
Final decision is: 00001
The corresponding cost is: -243.556
The cost of the formal decision is: -243.556
Path: 2 1 0 -1 0 
Total cost: -243.556
V from As: 3.43705 4.10372 4.77039 5.43705 5.77039 6.10372 6.43705 6.43705 6.43705 6.43705 6.10372 5.77039 5.43705 5.43705 5.43705 5.43705
S from Astar: 0 1.2568 2.73581 4.43705 6.30496 8.28398 10.3741 12.5198 14.6655 16.8112 18.9013 20.8803 22.7482 24.5606 26.3729 28.1853 
X from Astar: -6.09522 -4.83843 -3.35941 -1.65817 0.209733 2.18875 4.27888 6.42456 8.57025 10.7159 12.8061 14.7851 16.653 18.4653 20.2777 22.09 
Y from Astar: 0 0 0 0 0 0 0 0 0 0 0 0 0 0 0 0 
0
X from QP: -6.09522 -4.84271 -3.42467 -1.8202 -0.036381 1.90115 3.95513 6.08349 8.246 10.4066 12.5359 14.6134 16.6258 18.5658 20.4301 22.2181 
Y from QP: 0 0 0 0 0 0 0 0 0 0 0 0 0 0 0 0 
VX from QP: 3.43705 3.43781 3.43857 3.43933 3.44009 3.44084 3.4416 3.44236 3.44312 3.44387 3.44463 3.44538 3.44614 3.44689 3.44765 3.4484 
VY from QP: 0 0 0 0 0 0 0 0 0 0 0 0 0 0 0 0 
Now x by QP is: -5.74066
Now y by QP is: 0
Now vx by QP is: 3.64887
Now vy by QP is: 0
1
X from QP: -6.09522 -4.83246 -3.40222 -1.78816 0.000768015 1.93869 3.98918 6.11149 8.26668 10.4199 12.5424 14.6145 16.6232 18.5612 20.4255 22.2153 
Y from QP: 0 0 0 0 0 0 0 0 0 0 0 0 0 0 0 0 
VX from QP: 3.43705 3.43791 3.43877 3.43963 3.44049 3.44134 3.4422 3.44306 3.44391 3.44477 3.44562 3.44648 3.44733 3.44818 3.44904 3.44989 
VY from QP: 0 0 0 0 0 0 0 0 0 0 0 0 0 0 0 0 
0,1,1800,car, x: -5.74066, y: 0, vx: 3.64887, vy: 0, psi_rad: 0,4.67,1.74
1  s_f 12.68  s_b 18.82  t_i 4.2  t_o 5
The formal decision is: 00001 namely is: 1
Final decision is: 00001
The corresponding cost is: -237.322
The cost of the formal decision is: -237.322
Path: 2 0 1 0 -1 
Total cost: -237.322
V from As: 3.64887 4.31554 4.98221 5.64887 5.64887 5.64887 5.64887 5.98221 6.31554 6.64887 6.64887 6.64887 6.64887 6.31554 5.98221 5.64887
S from Astar: 0 1.3274 2.87703 4.64887 6.53183 8.41479 10.2977 12.2363 14.2859 16.4466 18.6629 20.8792 23.0955 25.2562 27.3059 29.2444 
X from Astar: -5.74066 -4.41326 -2.86363 -1.09179 0.791171 2.67413 4.55709 6.4956 8.54523 10.706 12.9223 15.1385 17.3548 19.5156 21.5652 23.5037 
Y from Astar: 0 0 0 0 0 0 0 0 0 0 0 0 0 0 0 0 
0
X from QP: -5.74066 -4.43447 -2.98954 -1.38825 0.3653 2.25438 4.25456 6.33848 8.4806 10.6579 12.8503 15.0419 17.2202 19.3773 21.5093 23.6149 
Y from QP: 0 0 0 0 0 0 0 0 0 0 0 0 0 0 0 0 
VX from QP: 3.64887 3.64951 3.65015 3.65079 3.65143 3.65207 3.65271 3.65335 3.65399 3.65462 3.65526 3.6559 3.65653 3.65717 3.65781 3.65844 
VY from QP: 0 0 0 0 0 0 0 0 0 0 0 0 0 0 0 0 
Now x by QP is: -5.36663
Now y by QP is: 0
Now vx by QP is: 3.82732
Now vy by QP is: 0
1
X from QP: -5.74066 -4.424 -2.96662 -1.35554 0.403227 2.29271 4.28932 6.36707 8.50172 10.6714 12.857 15.043 17.2176 19.3727 21.5045 23.612 
Y from QP: 0 0 0 0 0 0 0 0 0 0 0 0 0 0 0 0 
VX from QP: 3.64887 3.64962 3.65036 3.6511 3.65184 3.65258 3.65332 3.65406 3.6548 3.65554 3.65627 3.65701 3.65775 3.65849 3.65922 3.65996 
VY from QP: 0 0 0 0 0 0 0 0 0 0 0 0 0 0 0 0 
0,1,1900,car, x: -5.36663, y: 0, vx: 3.82732, vy: 0, psi_rad: 0,4.67,1.74
1  s_f 12.3  s_b 18.44  t_i 4.1  t_o 5
The formal decision is: 00001 namely is: 1
Final decision is: 00001
The corresponding cost is: -246.377
The cost of the formal decision is: -246.377
Path: 1 1 1 0 -1 
Total cost: -246.377
V from As: 3.82732 4.16065 4.49398 4.82732 5.16065 5.49398 5.82732 6.16065 6.49398 6.82732 6.82732 6.82732 6.82732 6.49398 6.16065 5.82732
S from Astar: 0 1.33133 2.77377 4.32732 5.99198 7.76775 9.65463 11.6526 13.7617 15.9819 18.2577 20.5335 22.8093 25.0295 27.1386 29.1366 
X from Astar: -5.36663 -4.0353 -2.59286 -1.03931 0.625351 2.40112 4.28801 6.286 8.39511 10.6153 12.8911 15.1669 17.4426 19.6629 21.772 23.77 
Y from Astar: 0 0 0 0 0 0 0 0 0 0 0 0 0 0 0 0 
0
X from QP: -5.36663 -4.0348 -2.6094 -1.06836 0.597713 2.38827 4.2949 6.30338 8.39557 10.5514 12.7509 14.9761 17.212 19.4478 21.6784 23.9021 
Y from QP: 0 0 0 0 0 0 0 0 0 0 0 0 0 0 0 0 
VX from QP: 3.82732 3.8277 3.82809 3.82848 3.82887 3.82926 3.82964 3.83003 3.83042 3.83081 3.83119 3.83158 3.83197 3.83235 3.83274 3.83313 
VY from QP: 0 0 0 0 0 0 0 0 0 0 0 0 0 0 0 0 
Now x by QP is: -4.9783
Now y by QP is: 0
Now vx by QP is: 3.93683
Now vy by QP is: 0
1
X from QP: -5.36663 -4.02582 -2.58973 -1.04029 0.630255 2.42116 4.32473 6.32791 8.41368 10.563 12.7566 14.9771 17.2097 19.4438 21.6744 23.8996 
Y from QP: 0 0 0 0 0 0 0 0 0 0 0 0 0 0 0 0 
VX from QP: 3.82732 3.82779 3.82827 3.82874 3.82922 3.82969 3.83017 3.83064 3.83112 3.83159 3.83206 3.83254 3.83301 3.83348 3.83396 3.83443 
VY from QP: 0 0 0 0 0 0 0 0 0 0 0 0 0 0 0 0 
0,2,2000,car, x: -4.9783, y: 0, vx: 3.93683, vy: 0, psi_rad: 0,4.67,1.74
1  s_f 11.91  s_b 18.05  t_i 4  t_o 5
The formal decision is: 00001 namely is: 1
Final decision is: 00001
The corresponding cost is: -243.001
The cost of the formal decision is: -243.001
Path: 1 1 1 0 -1 
Total cost: -243.001
V from As: 3.93683 4.27016 4.6035 4.93683 5.27016 5.6035 5.93683 6.27016 6.6035 6.93683 6.93683 6.93683 6.93683 6.6035 6.27016 5.93683
S from Astar: 0 1.36783 2.84678 4.43683 6.138 7.95027 9.87366 11.9082 14.0538 16.3105 18.6228 20.935 23.2473 25.504 27.6497 29.6842 
X from Astar: -4.9783 -3.61047 -2.13153 -0.541471 1.15969 2.97197 4.89536 6.92986 9.07547 11.3322 13.6445 15.9567 18.269 20.5257 22.6714 24.7059 
Y from Astar: 0 0 0 0 0 0 0 0 0 0 0 0 0 0 0 0 
0
X from QP: -4.9783 -3.60997 -2.14806 -0.570523 1.13206 2.95912 4.90226 6.94724 9.07593 11.2683 13.5043 15.766 18.0383 20.3107 22.5778 24.8379 
Y from QP: 0 0 0 0 0 0 0 0 0 0 0 0 0 0 0 0 
VX from QP: 3.93683 3.93722 3.93761 3.938 3.93838 3.93877 3.93916 3.93955 3.93993 3.94032 3.94071 3.9411 3.94148 3.94187 3.94225 3.94264 
VY from QP: 0 0 0 0 0 0 0 0 0 0 0 0 0 0 0 0 
Now x by QP is: -4.57903
Now y by QP is: 0
Now vx by QP is: 4.04634
Now vy by QP is: 0
1
X from QP: -4.9783 -3.60416 -2.13533 -0.552358 1.15312 2.9804 4.92156 6.96311 9.08765 11.2758 13.508 15.7666 18.0369 20.3081 22.5752 24.8364 
Y from QP: 0 0 0 0 0 0 0 0 0 0 0 0 0 0 0 0 
VX from QP: 3.93683 3.93728 3.93772 3.93817 3.93861 3.93905 3.9395 3.93994 3.94038 3.94083 3.94127 3.94171 3.94216 3.9426 3.94304 3.94348 
VY from QP: 0 0 0 0 0 0 0 0 0 0 0 0 0 0 0 0 
0,2,2100,car, x: -4.57903, y: 0, vx: 4.04634, vy: 0, psi_rad: 0,4.67,1.74
1  s_f 11.51  s_b 17.65  t_i 3.9  t_o 5
The formal decision is: 00001 namely is: 1
Final decision is: 00001
The corresponding cost is: -239.506
The cost of the formal decision is: -239.506
Path: 1 1 1 0 -1 
Total cost: -239.506
V from As: 4.04634 4.37968 4.71301 5.04634 5.37968 5.71301 6.04634 6.37968 6.71301 7.04634 7.04634 7.04634 7.04634 6.71301 6.37968 6.04634
S from Astar: 0 1.40434 2.91979 4.54634 6.28401 8.1328 10.0927 12.1637 14.3458 16.639 18.9878 21.3366 23.6854 25.9786 28.1607 30.2317 
X from Astar: -4.57903 -3.17469 -1.65924 -0.0326805 1.70499 3.55377 5.51366 7.58467 9.76678 12.06 14.4088 16.7576 19.1064 21.3996 23.5817 25.6527 
Y from Astar: 0 0 0 0 0 0 0 0 0 0 0 0 0 0 0 0 
0
X from QP: -4.57903 -3.17419 -1.67578 -0.0617324 1.67735 3.54092 5.52056 7.60204 9.76724 11.9961 14.2686 16.5668 18.8757 21.1846 23.4882 25.7848 
Y from QP: 0 0 0 0 0 0 0 0 0 0 0 0 0 0 0 0 
VX from QP: 4.04634 4.04673 4.04712 4.04751 4.0479 4.04829 4.04867 4.04906 4.04945 4.04984 4.05022 4.05061 4.051 4.05138 4.05177 4.05216 
VY from QP: 0 0 0 0 0 0 0 0 0 0 0 0 0 0 0 0 
Now x by QP is: -4.1688
Now y by QP is: 0
Now vx by QP is: 4.15586
Now vy by QP is: 0
1
X from QP: -4.57903 -3.16867 -1.66369 -0.0444878 1.69735 3.56112 5.53889 7.61712 9.77837 12.0032 14.2721 16.5674 18.8743 21.1821 23.4857 25.7833 
Y from QP: 0 0 0 0 0 0 0 0 0 0 0 0 0 0 0 0 
VX from QP: 4.04634 4.04679 4.04723 4.04767 4.04811 4.04855 4.04899 4.04944 4.04988 4.05032 4.05076 4.0512 4.05164 4.05208 4.05252 4.05295 
VY from QP: 0 0 0 0 0 0 0 0 0 0 0 0 0 0 0 0 
0,2,2200,car, x: -4.1688, y: 0, vx: 4.15586, vy: 0, psi_rad: 0,4.67,1.74
1  s_f 11.1  s_b 17.24  t_i 3.8  t_o 5
The formal decision is: 00001 namely is: 1
Final decision is: 00001
The corresponding cost is: -245.515
The cost of the formal decision is: -245.515
Path: 2 0 0 0 -1 
Total cost: -245.515
V from As: 4.15586 4.82253 5.48919 6.15586 6.15586 6.15586 6.15586 6.15586 6.15586 6.15586 6.15586 6.15586 6.15586 5.82253 5.48919 5.15586
S from Astar: 0 1.4964 3.21502 5.15586 7.20781 9.25976 11.3117 13.3637 15.4156 17.4676 19.5195 21.5715 23.6234 25.6198 27.5051 29.2793 
X from Astar: -4.1688 -2.6724 -0.953781 0.987061 3.03901 5.09097 7.14292 9.19487 11.2468 13.2988 15.3507 17.4027 19.4546 21.451 23.3363 25.1105 
Y from Astar: 0 0 0 0 0 0 0 0 0 0 0 0 0 0 0 0 
0
X from QP: -4.1688 -2.69106 -1.07428 0.693459 2.60014 4.62014 6.72044 8.86668 11.0291 13.1832 15.3094 17.3944 19.4294 21.4095 23.3328 25.1987 
Y from QP: 0 0 0 0 0 0 0 0 0 0 0 0 0 0 0 0 
VX from QP: 4.15586 4.15652 4.15719 4.15785 4.15851 4.15917 4.15983 4.1605 4.16116 4.16182 4.16248 4.16314 4.1638 4.16446 4.16512 4.16577 
VY from QP: 0 0 0 0 0 0 0 0 0 0 0 0 0 0 0 0 
Now x by QP is: -3.74375
Now y by QP is: 0
Now vx by QP is: 4.34023
Now vy by QP is: 0
1
X from QP: -4.1688 -2.68557 -1.06226 0.710618 2.62003 4.64024 6.73868 8.88168 11.0402 13.1902 15.3129 17.395 19.428 21.4071 23.3303 25.1971 
Y from QP: 0 0 0 0 0 0 0 0 0 0 0 0 0 0 0 0 
VX from QP: 4.15586 4.15658 4.15729 4.15801 4.15872 4.15944 4.16015 4.16087 4.16158 4.1623 4.16301 4.16372 4.16444 4.16515 4.16586 4.16657 
VY from QP: 0 0 0 0 0 0 0 0 0 0 0 0 0 0 0 0 
0,2,2300,car, x: -3.74375, y: 0, vx: 4.34023, vy: 0, psi_rad: 0,4.67,1.74
1  s_f 10.68  s_b 16.82  t_i 3.7  t_o 5
The formal decision is: 00001 namely is: 1
Final decision is: 00001
The corresponding cost is: -245.575
The cost of the formal decision is: -245.575
Path: 2 0 0 -1 0 
Total cost: -245.575
V from As: 4.34023 5.00689 5.67356 6.34023 6.34023 6.34023 6.34023 6.34023 6.34023 6.34023 6.00689 5.67356 5.34023 5.34023 5.34023 5.34023
S from Astar: 0 1.55785 3.33793 5.34023 7.45364 9.56704 11.6805 13.7939 15.9073 18.0207 20.0785 22.0253 23.8609 25.641 27.4211 29.2011 
X from Astar: -3.74375 -2.18589 -0.405819 1.59648 3.70989 5.8233 7.93671 10.0501 12.1635 14.2769 16.3348 18.2815 20.1172 21.8972 23.6773 25.4574 
Y from Astar: 0 0 0 0 0 0 0 0 0 0 0 0 0 0 0 0 
0
X from QP: -3.74375 -2.20214 -0.518593 1.31767 3.29205 5.37524 7.52978 9.71651 11.9011 14.0547 16.1556 18.1895 20.1482 22.0279 23.8271 25.5457 
Y from QP: 0 0 0 0 0 0 0 0 0 0 0 0 0 0 0 0 
VX from QP: 4.34023 4.34091 4.34159 4.34227 4.34295 4.34363 4.34431 4.34499 4.34567 4.34635 4.34703 4.34771 4.34838 4.34906 4.34974 4.35042 
VY from QP: 0 0 0 0 0 0 0 0 0 0 0 0 0 0 0 0 
Now x by QP is: -3.3
Now y by QP is: 0
Now vx by QP is: 4.52957
Now vy by QP is: 0
1
X from QP: -3.74375 -2.19339 -0.499424 1.34502 3.32377 5.4073 7.55885 9.74042 11.9187 14.066 16.1612 18.1905 20.146 22.024 23.8232 25.5433 
Y from QP: 0 0 0 0 0 0 0 0 0 0 0 0 0 0 0 0 
VX from QP: 4.34023 4.34099 4.34176 4.34253 4.34329 4.34406 4.34482 4.34559 4.34635 4.34711 4.34788 4.34864 4.3494 4.35016 4.35092 4.35168 
VY from QP: 0 0 0 0 0 0 0 0 0 0 0 0 0 0 0 0 
0,2,2400,car, x: -3.3, y: 0, vx: 4.52957, vy: 0, psi_rad: 0,4.67,1.74
1  s_f 10.24  s_b 16.38  t_i 3.6  t_o 5
The formal decision is: 00001 namely is: 1
Final decision is: 00001
The corresponding cost is: -249.829
The cost of the formal decision is: -249.829
Path: 1 1 0 0 -1 
Total cost: -249.829
V from As: 4.52957 4.8629 5.19624 5.52957 5.8629 6.19624 6.52957 6.52957 6.52957 6.52957 6.52957 6.52957 6.52957 6.19624 5.8629 5.52957
S from Astar: 0 1.56541 3.24194 5.02957 6.92832 8.93817 11.0591 13.2357 15.4122 17.5887 19.7652 21.9418 24.1183 26.2393 28.2491 30.1479 
X from Astar: -3.3 -1.73459 -0.0580684 1.72957 3.62831 5.63817 7.75914 9.93566 12.1122 14.2887 16.4652 18.6418 20.8183 22.9392 24.9491 26.8479 
Y from Astar: 0 0 0 0 0 0 0 0 0 0 0 0 0 0 0 0 
0
X from QP: -3.3 -1.73154 -0.0691966 1.70338 3.58767 5.57423 7.64609 9.78197 11.9596 14.1573 16.3557 18.5394 20.697 22.821 24.908 26.9569 
Y from QP: 0 0 0 0 0 0 0 0 0 0 0 0 0 0 0 0 
VX from QP: 4.52957 4.52998 4.53039 4.53081 4.53122 4.53163 4.53204 4.53245 4.53286 4.53327 4.53368 4.53409 4.5345 4.53491 4.53532 4.53573 
VY from QP: 0 0 0 0 0 0 0 0 0 0 0 0 0 0 0 0 
Now x by QP is: -2.84114
Now y by QP is: 0
Now vx by QP is: 4.64501
Now vy by QP is: 0
1
X from QP: -3.3 -1.72227 -0.0488897 1.73236 3.62127 5.60819 7.67688 9.8073 11.9783 14.1692 16.3616 18.5404 20.6946 22.8169 24.9038 26.9544 
Y from QP: 0 0 0 0 0 0 0 0 0 0 0 0 0 0 0 0 
VX from QP: 4.52957 4.53007 4.53058 4.53108 4.53158 4.53208 4.53258 4.53308 4.53358 4.53408 4.53458 4.53508 4.53558 4.53608 4.53658 4.53707 
VY from QP: 0 0 0 0 0 0 0 0 0 0 0 0 0 0 0 0 
0,2,2500,car, x: -2.84114, y: 0, vx: 4.64501, vy: 0, psi_rad: 0,4.67,1.74
1  s_f 9.78  s_b 15.92  t_i 3.5  t_o 5
The formal decision is: 00001 namely is: 1
Final decision is: 00001
The corresponding cost is: -252.44
The cost of the formal decision is: -252.44
Path: 1 1 0 -1 0 
Total cost: -252.44
V from As: 4.64501 4.97835 5.31168 5.64501 5.97835 6.31168 6.64501 6.64501 6.64501 6.64501 6.31168 5.97835 5.64501 5.64501 5.64501 5.64501
S from Astar: 0 1.60389 3.3189 5.14501 7.08224 9.13058 11.29 13.505 15.72 17.935 20.0945 22.1428 24.08 25.9617 27.8434 29.7251 
X from Astar: -2.84114 -1.23725 0.477757 2.30387 4.2411 6.28944 8.44888 10.6639 12.8789 15.0939 17.2533 19.3017 21.2389 23.1206 25.0022 26.8839 
Y from Astar: 0 0 0 0 0 0 0 0 0 0 0 0 0 0 0 0 
0
X from QP: -2.84114 -1.23179 0.474358 2.29247 4.22149 6.24828 8.35138 10.5048 12.6815 14.8559 17.0059 19.1156 21.1739 23.1745 25.1145 26.9932 
Y from QP: 0 0 0 0 0 0 0 0 0 0 0 0 0 0 0 0 
VX from QP: 4.64501 4.64544 4.64587 4.6463 4.64673 4.64716 4.64759 4.64802 4.64845 4.64888 4.6493 4.64973 4.65016 4.65059 4.65102 4.65144 
VY from QP: 0 0 0 0 0 0 0 0 0 0 0 0 0 0 0 0 
Now x by QP is: -2.37047
Now y by QP is: 0
Now vx by QP is: 4.76543
Now vy by QP is: 0
1
X from QP: -2.84114 -1.22571 0.48766 2.31145 4.2435 6.27052 8.37156 10.5214 12.6938 14.8637 17.0098 19.1162 21.1724 23.1718 25.1117 26.9915 
Y from QP: 0 0 0 0 0 0 0 0 0 0 0 0 0 0 0 0 
VX from QP: 4.64501 4.6455 4.64599 4.64648 4.64697 4.64746 4.64794 4.64843 4.64892 4.64941 4.64989 4.65038 4.65087 4.65135 4.65184 4.65232 
VY from QP: 0 0 0 0 0 0 0 0 0 0 0 0 0 0 0 0 
0,2,2600,car, x: -2.37047, y: 0, vx: 4.76543, vy: 0, psi_rad: 0,4.67,1.74
1  s_f 9.31  s_b 15.45  t_i 3.4  t_o 5
The formal decision is: 00001 namely is: 1
Final decision is: 00001
The corresponding cost is: -248.7
The cost of the formal decision is: -248.7
Path: 1 1 0 -1 0 
Total cost: -248.7
V from As: 4.76543 5.09876 5.4321 5.76543 6.09876 6.4321 6.76543 6.76543 6.76543 6.76543 6.4321 6.09876 5.76543 5.76543 5.76543 5.76543
S from Astar: 0 1.64403 3.39917 5.26543 7.24279 9.33127 11.5309 13.786 16.0411 18.2963 20.4959 22.5843 24.5617 26.4835 28.4053 30.3271 
X from Astar: -2.37047 -0.726442 1.0287 2.89496 4.87232 6.9608 9.16038 11.4155 13.6707 15.9258 18.1254 20.2139 22.1912 24.1131 26.0349 27.9567 
Y from Astar: 0 0 0 0 0 0 0 0 0 0 0 0 0 0 0 0 
0
X from QP: -2.37047 -0.720981 1.0253 2.88355 4.85272 6.91964 9.06288 11.2564 13.4733 15.6878 17.878 20.0278 22.1263 24.167 26.1471 28.0659 
Y from QP: 0 0 0 0 0 0 0 0 0 0 0 0 0 0 0 0 
VX from QP: 4.76543 4.76586 4.76629 4.76672 4.76715 4.76758 4.76801 4.76844 4.76886 4.76929 4.76972 4.77015 4.77058 4.77101 4.77143 4.77186 
VY from QP: 0 0 0 0 0 0 0 0 0 0 0 0 0 0 0 0 
Now x by QP is: -1.88777
Now y by QP is: 0
Now vx by QP is: 4.88585
Now vy by QP is: 0
1
X from QP: -2.37047 -0.714986 1.03843 2.90228 4.87443 6.94159 9.08279 11.2728 13.4854 15.6955 17.8818 20.0284 22.1247 24.1643 26.1444 28.0643 
Y from QP: 0 0 0 0 0 0 0 0 0 0 0 0 0 0 0 0 
VX from QP: 4.76543 4.76592 4.76641 4.76689 4.76738 4.76787 4.76836 4.76884 4.76933 4.76982 4.7703 4.77079 4.77127 4.77176 4.77224 4.77273 
VY from QP: 0 0 0 0 0 0 0 0 0 0 0 0 0 0 0 0 
0,2,2700,car, x: -1.88777, y: 0, vx: 4.88585, vy: 0, psi_rad: 0,4.67,1.74
1  s_f 8.82  s_b 14.96  t_i 3.3  t_o 5
The formal decision is: 00001 namely is: 1
Final decision is: 00001
The corresponding cost is: -244.816
The cost of the formal decision is: -244.816
Path: 1 1 0 -1 0 
Total cost: -244.816
V from As: 4.88585 5.21918 5.55251 5.88585 6.21918 6.55251 6.88585 6.88585 6.88585 6.88585 6.55251 6.21918 5.88585 5.88585 5.88585 5.88585
S from Astar: 0 1.68417 3.47945 5.38585 7.40335 9.53196 11.7717 14.067 16.3623 18.6575 20.8973 23.0259 25.0434 27.0053 28.9673 30.9292 
X from Astar: -1.88777 -0.203595 1.59169 3.49808 5.51558 7.6442 9.88393 12.1792 14.4745 16.7698 19.0095 21.1381 23.1556 25.1176 27.0795 29.0415 
Y from Astar: 0 0 0 0 0 0 0 0 0 0 0 0 0 0 0 0 
0
X from QP: -1.88777 -0.198134 1.58829 3.48668 5.49598 7.60304 9.78642 12.0201 14.2771 16.5318 18.7621 20.952 23.0906 25.1715 27.1917 29.1507 
Y from QP: 0 0 0 0 0 0 0 0 0 0 0 0 0 0 0 0 
VX from QP: 4.88585 4.88628 4.88671 4.88714 4.88756 4.88799 4.88842 4.88885 4.88928 4.88971 4.89014 4.89057 4.89099 4.89142 4.89185 4.89228 
VY from QP: 0 0 0 0 0 0 0 0 0 0 0 0 0 0 0 0 
Now x by QP is: -1.39302
Now y by QP is: 0
Now vx by QP is: 5.00626
Now vy by QP is: 0
1
X from QP: -1.88777 -0.192147 1.6014 3.50539 5.51767 7.62496 9.80631 12.0365 14.2892 16.5395 18.7659 20.9527 23.0891 25.1688 27.189 29.1491 
Y from QP: 0 0 0 0 0 0 0 0 0 0 0 0 0 0 0 0 
VX from QP: 4.88585 4.88633 4.88682 4.88731 4.8878 4.88829 4.88877 4.88926 4.88975 4.89023 4.89072 4.8912 4.89169 4.89218 4.89266 4.89315 
VY from QP: 0 0 0 0 0 0 0 0 0 0 0 0 0 0 0 0 
0,2,2800,car, x: -1.39302, y: 0, vx: 5.00626, vy: 0, psi_rad: 0,4.67,1.74
1  s_f 8.33  s_b 14.47  t_i 3.2  t_o 5
The formal decision is: 00001 namely is: 1
Final decision is: 00001
The corresponding cost is: -252.824
The cost of the formal decision is: -252.824
Path: 1 1 -1 -1 0 
Total cost: -252.824
V from As: 5.00626 5.3396 5.67293 6.00626 6.3396 6.67293 7.00626 6.67293 6.3396 6.00626 5.67293 5.3396 5.00626 5.00626 5.00626 5.00626
S from Astar: 0 1.72431 3.55973 5.50626 7.56391 9.73266 12.0125 14.2924 16.4611 18.5188 20.4653 22.3007 24.025 25.6938 27.3626 29.0313 
X from Astar: -1.39302 0.331294 2.16671 4.11325 6.17089 8.33964 10.6195 12.8994 15.0681 17.1258 19.0723 20.9077 22.632 24.3008 25.9695 27.6383 
Y from Astar: 0 0 0 0 0 0 0 0 0 0 0 0 0 0 0 0 
0
X from QP: -1.39302 0.339304 2.16872 4.1047 6.13828 8.2474 10.4021 12.5692 14.7177 16.8202 18.8555 20.81 22.6764 24.4514 26.1341 27.7246 
Y from QP: 0 0 0 0 0 0 0 0 0 0 0 0 0 0 0 0 
VX from QP: 5.00626 5.00672 5.00717 5.00762 5.00808 5.00853 5.00898 5.00943 5.00988 5.01034 5.01079 5.01124 5.01169 5.01214 5.01259 5.01304 
VY from QP: 0 0 0 0 0 0 0 0 0 0 0 0 0 0 0 0 
Now x by QP is: -0.88591
Now y by QP is: 0
Now vx by QP is: 5.13261
Now vy by QP is: 0
1
X from QP: -1.39302 0.34529 2.18183 4.12341 6.15996 8.26932 10.4219 12.5856 14.7298 16.828 18.8593 20.8106 22.6749 24.4488 26.1314 27.7229 
Y from QP: 0 0 0 0 0 0 0 0 0 0 0 0 0 0 0 0 
VX from QP: 5.00626 5.00677 5.00729 5.0078 5.00831 5.00882 5.00933 5.00984 5.01035 5.01086 5.01137 5.01188 5.01239 5.01289 5.0134 5.01391 
VY from QP: 0 0 0 0 0 0 0 0 0 0 0 0 0 0 0 0 
0,2,2900,car, x: -0.88591, y: 0, vx: 5.13261, vy: 0, psi_rad: 0,4.67,1.74
1  s_f 7.82  s_b 13.96  t_i 3.1  t_o 5
The formal decision is: 00001 namely is: 1
Final decision is: 00001
The corresponding cost is: -249.199
The cost of the formal decision is: -249.199
Path: 1 1 -1 -1 0 
Total cost: -249.199
V from As: 5.13261 5.46594 5.79927 6.13261 6.46594 6.79927 7.13261 6.79927 6.46594 6.13261 5.79927 5.46594 5.13261 5.13261 5.13261 5.13261
S from Astar: 0 1.76642 3.64396 5.63261 7.73236 9.94323 12.2652 14.5872 16.7981 18.8978 20.8865 22.764 24.5304 26.2413 27.9522 29.663 
X from Astar: -0.88591 0.880514 2.75805 4.7467 6.84645 9.05732 11.3793 13.7013 15.9121 18.0119 20.0006 21.8781 23.6445 25.3554 27.0662 28.7771 
Y from Astar: 0 0 0 0 0 0 0 0 0 0 0 0 0 0 0 0 
0
X from QP: -0.88591 0.888525 2.76006 4.73815 6.81384 8.96508 11.1619 13.3711 15.5617 17.7064 19.7837 21.7804 23.6889 25.506 27.2308 28.8634 
Y from QP: 0 0 0 0 0 0 0 0 0 0 0 0 0 0 0 0 
VX from QP: 5.13261 5.13306 5.13351 5.13397 5.13442 5.13487 5.13532 5.13578 5.13623 5.13668 5.13713 5.13758 5.13803 5.13848 5.13894 5.13939 
VY from QP: 0 0 0 0 0 0 0 0 0 0 0 0 0 0 0 0 
Now x by QP is: -0.366169
Now y by QP is: 0
Now vx by QP is: 5.25895
Now vy by QP is: 0
1
X from QP: -0.88591 0.894746 2.77368 4.75759 6.83638 8.98786 11.1825 13.3881 15.5743 17.7144 19.7877 21.781 23.6873 25.5033 27.228 28.8617 
Y from QP: 0 0 0 0 0 0 0 0 0 0 0 0 0 0 0 0 
VX from QP: 5.13261 5.13312 5.13363 5.13415 5.13466 5.13517 5.13569 5.1362 5.13671 5.13722 5.13773 5.13825 5.13876 5.13927 5.13978 5.14029 
VY from QP: 0 0 0 0 0 0 0 0 0 0 0 0 0 0 0 0 
0,3,3000,car, x: -0.366169, y: 0, vx: 5.25895, vy: 0, psi_rad: 0,4.67,1.74
1  s_f 7.3  s_b 13.44  t_i 3  t_o 5
The formal decision is: 00001 namely is: 1
Final decision is: 00001
The corresponding cost is: -245.414
The cost of the formal decision is: -245.414
Path: 1 1 -1 -1 0 
Total cost: -245.414
V from As: 5.25895 5.59228 5.92562 6.25895 6.59228 6.92562 7.25895 6.92562 6.59228 6.25895 5.92562 5.59228 5.25895 5.25895 5.25895 5.25895
S from Astar: 0 1.80854 3.72819 5.75895 7.90082 10.1538 12.5179 14.882 17.135 19.2768 21.3076 23.2273 25.0358 26.7888 28.5418 30.2947 
X from Astar: -0.366169 1.44237 3.36202 5.39278 7.53465 9.78763 12.1517 14.5158 16.7688 18.9107 20.9414 22.8611 24.6696 26.4226 28.1756 29.9286 
Y from Astar: 0 0 0 0 0 0 0 0 0 0 0 0 0 0 0 0 
0
X from QP: -0.366169 1.45038 3.36403 5.38424 7.50204 9.69539 11.9343 14.1857 16.4184 18.6051 20.7246 22.7634 24.714 26.5733 28.3402 30.0148 
Y from QP: 0 0 0 0 0 0 0 0 0 0 0 0 0 0 0 0 
VX from QP: 5.25895 5.2594 5.25986 5.26031 5.26076 5.26121 5.26167 5.26212 5.26257 5.26302 5.26347 5.26393 5.26438 5.26483 5.26528 5.26573 
VY from QP: 0 0 0 0 0 0 0 0 0 0 0 0 0 0 0 0 
Now x by QP is: 0.166205
Now y by QP is: 0
Now vx by QP is: 5.38529
Now vy by QP is: 0
1
X from QP: -0.366169 1.45662 3.3777 5.40375 7.52466 9.71825 11.955 14.2027 16.431 18.6132 20.7286 22.764 24.7124 26.5705 28.3374 30.0131 
Y from QP: 0 0 0 0 0 0 0 0 0 0 0 0 0 0 0 0 
VX from QP: 5.25895 5.25946 5.25998 5.26049 5.261 5.26152 5.26203 5.26254 5.26306 5.26357 5.26408 5.26459 5.2651 5.26561 5.26612 5.26663 
VY from QP: 0 0 0 0 0 0 0 0 0 0 0 0 0 0 0 0 
0,3,3100,car, x: 0.166205, y: 0, vx: 5.38529, vy: 0, psi_rad: 0,4.67,1.74
1  s_f 6.77  s_b 12.91  t_i 2.9  t_o 5
The formal decision is: 00001 namely is: 1
Final decision is: 00001
The corresponding cost is: -259.24
The cost of the formal decision is: -259.24
Path: 1 0 0 -1 0 
Total cost: -259.24
V from As: 5.38529 5.71863 6.05196 6.38529 6.38529 6.38529 6.38529 6.38529 6.38529 6.38529 6.05196 5.71863 5.38529 5.38529 5.38529 5.38529
S from Astar: 0 1.85065 3.81242 5.88529 8.01372 10.1422 12.2706 14.399 16.5274 18.6559 20.7288 22.6905 24.5412 26.3363 28.1314 29.9265 
X from Astar: 0.166205 2.01686 3.97862 6.0515 8.17993 10.3084 12.4368 14.5652 16.6937 18.8221 20.895 22.8567 24.7074 26.5025 28.2976 30.0927 
Y from Astar: 0 0 0 0 0 0 0 0 0 0 0 0 0 0 0 0 
0
X from QP: 0.166205 2.01035 3.92771 5.92331 7.9886 10.1068 12.2561 14.4136 16.5581 18.6712 20.7385 22.7503 24.7007 26.5866 28.4072 30.1622 
Y from QP: 0 0 0 0 0 0 0 0 0 0 0 0 0 0 0 0 
VX from QP: 5.38529 5.38564 5.386 5.38635 5.3867 5.38705 5.38741 5.38776 5.38811 5.38846 5.38881 5.38916 5.38951 5.38986 5.39021 5.39056 
VY from QP: 0 0 0 0 0 0 0 0 0 0 0 0 0 0 0 0 
Now x by QP is: 0.709763
Now y by QP is: 0
Now vx by QP is: 5.48323
Now vy by QP is: 0
1
X from QP: 0.166205 2.0166 3.94138 5.94282 8.01123 10.1296 12.2768 14.4306 16.5706 18.6792 20.7425 22.751 24.6991 26.5839 28.4043 30.1605 
Y from QP: 0 0 0 0 0 0 0 0 0 0 0 0 0 0 0 0 
VX from QP: 5.38529 5.38571 5.38612 5.38653 5.38694 5.38736 5.38777 5.38818 5.38859 5.389 5.38942 5.38983 5.39024 5.39065 5.39106 5.39147 
VY from QP: 0 0 0 0 0 0 0 0 0 0 0 0 0 0 0 0 
0,3,3200,car, x: 0.709763, y: 0, vx: 5.48323, vy: 0, psi_rad: 0,4.67,1.74
1  s_f 6.23  s_b 12.37  t_i 2.8  t_o 5
The formal decision is: 00001 namely is: 1
Final decision is: 00001
The corresponding cost is: -256.268
The cost of the formal decision is: -256.268
Path: 1 0 0 -1 0 
Total cost: -256.268
V from As: 5.48323 5.81656 6.1499 6.48323 6.48323 6.48323 6.48323 6.48323 6.48323 6.48323 6.1499 5.81656 5.48323 5.48323 5.48323 5.48323
S from Astar: 0 1.8833 3.87771 5.98323 8.14431 10.3054 12.4665 14.6275 16.7886 18.9497 21.0552 23.0496 24.9329 26.7607 28.5884 30.4162 
X from Astar: 0.709763 2.59306 4.58747 6.69299 8.85407 11.0151 13.1762 15.3373 17.4984 19.6595 21.765 23.7594 25.6427 27.4704 29.2982 31.1259 
Y from Astar: 0 0 0 0 0 0 0 0 0 0 0 0 0 0 0 0 
0
X from QP: 0.709763 2.58656 4.53656 6.56481 8.66274 10.8135 12.9955 15.1857 17.3628 19.5086 21.6085 23.6529 25.636 27.5546 29.4078 31.1954 
Y from QP: 0 0 0 0 0 0 0 0 0 0 0 0 0 0 0 0 
VX from QP: 5.48323 5.48358 5.48394 5.48429 5.48464 5.48499 5.48534 5.4857 5.48605 5.4864 5.48675 5.4871 5.48745 5.4878 5.48815 5.4885 
VY from QP: 0 0 0 0 0 0 0 0 0 0 0 0 0 0 0 0 
Now x by QP is: 1.26311
Now y by QP is: 0
Now vx by QP is: 5.58117
Now vy by QP is: 0
1
X from QP: 0.709763 2.59151 4.54741 6.58029 8.6807 10.8317 13.012 15.1992 17.3728 19.5149 21.6117 23.6535 25.6347 27.5524 29.4055 31.1941 
Y from QP: 0 0 0 0 0 0 0 0 0 0 0 0 0 0 0 0 
VX from QP: 5.48323 5.48363 5.48403 5.48443 5.48483 5.48523 5.48563 5.48603 5.48643 5.48683 5.48723 5.48763 5.48803 5.48842 5.48882 5.48922 
VY from QP: 0 0 0 0 0 0 0 0 0 0 0 0 0 0 0 0 
0,3,3300,car, x: 1.26311, y: 0, vx: 5.58117, vy: 0, psi_rad: 0,4.67,1.74
1  s_f 5.67  s_b 11.81  t_i 2.7  t_o 5
The formal decision is: 00001 namely is: 1
Final decision is: 00001
The corresponding cost is: -262.688
The cost of the formal decision is: -262.688
Path: 1 0 -1 -1 0 
Total cost: -262.688
V from As: 5.58117 5.9145 6.24784 6.58117 6.58117 6.58117 6.58117 6.24784 5.9145 5.58117 5.24784 4.9145 4.58117 4.58117 4.58117 4.58117
S from Astar: 0 1.91595 3.943 6.08117 8.27489 10.4686 12.6623 14.8005 16.8276 18.7435 20.5483 22.2421 23.8247 25.3517 26.8788 28.4058 
X from Astar: 1.26311 3.17906 5.20612 7.34428 9.53801 11.7317 13.9255 16.0636 18.0907 20.0066 21.8115 23.5052 25.0878 26.6148 28.1419 29.669 
Y from Astar: 0 0 0 0 0 0 0 0 0 0 0 0 0 0 0 0 
0
X from QP: 1.26311 3.1751 5.16061 7.21896 9.33367 11.479 13.6248 15.7409 17.802 19.7882 21.6856 23.4871 25.1904 26.7958 28.3039 29.7155 
Y from QP: 0 0 0 0 0 0 0 0 0 0 0 0 0 0 0 0 
VX from QP: 5.58117 5.58155 5.58192 5.5823 5.58267 5.58305 5.58342 5.5838 5.58417 5.58455 5.58492 5.5853 5.58567 5.58604 5.58642 5.58679 
VY from QP: 0 0 0 0 0 0 0 0 0 0 0 0 0 0 0 0 
Now x by QP is: 1.82657
Now y by QP is: 0
Now vx by QP is: 5.68503
Now vy by QP is: 0
1
X from QP: 1.26311 3.17994 5.1712 7.23407 9.35119 11.4967 13.6409 15.7541 17.8118 19.7944 21.6886 23.4876 25.1892 26.7936 28.3017 29.7141 
Y from QP: 0 0 0 0 0 0 0 0 0 0 0 0 0 0 0 0 
VX from QP: 5.58117 5.58159 5.58202 5.58244 5.58286 5.58328 5.5837 5.58413 5.58455 5.58497 5.58539 5.58581 5.58623 5.58665 5.58707 5.58749 
VY from QP: 0 0 0 0 0 0 0 0 0 0 0 0 0 0 0 0 
0,3,3400,car, x: 1.82657, y: 0, vx: 5.68503, vy: 0, psi_rad: 0,4.67,1.74
1  s_f 5.11  s_b 11.25  t_i 2.6  t_o 5
The formal decision is: 00001 namely is: 1
Final decision is: 00001
The corresponding cost is: -259.953
The cost of the formal decision is: -259.953
Path: 1 0 -1 -1 0 
Total cost: -259.953
V from As: 5.68503 6.01837 6.3517 6.68503 6.68503 6.68503 6.68503 6.3517 6.01837 5.68503 5.3517 5.01837 4.68503 4.68503 4.68503 4.68503
S from Astar: 0 1.95057 4.01225 6.18503 8.41338 10.6417 12.8701 15.0429 17.1045 19.0551 20.8946 22.6229 24.2401 25.8018 27.3635 28.9252 
X from Astar: 1.82657 3.77714 5.83882 8.01161 10.24 12.4683 14.6966 16.8694 18.9311 20.8817 22.7211 24.4495 26.0667 27.6284 29.1901 30.7517 
Y from Astar: 0 0 0 0 0 0 0 0 0 0 0 0 0 0 0 0 
0
X from QP: 1.82657 3.77319 5.79331 7.88628 10.0356 12.2156 14.396 16.5467 18.6425 20.6632 22.5952 24.4314 26.1693 27.8093 29.352 30.7983 
Y from QP: 0 0 0 0 0 0 0 0 0 0 0 0 0 0 0 0 
VX from QP: 5.68503 5.68541 5.68579 5.68616 5.68654 5.68691 5.68729 5.68766 5.68804 5.68841 5.68879 5.68916 5.68953 5.68991 5.69028 5.69065 
VY from QP: 0 0 0 0 0 0 0 0 0 0 0 0 0 0 0 0 
Now x by QP is: 2.40042
Now y by QP is: 0
Now vx by QP is: 5.7889
Now vy by QP is: 0
1
X from QP: 1.82657 3.77825 5.80439 7.90209 10.0539 12.2341 14.4128 16.5606 18.6527 20.6698 22.5985 24.432 26.1681 27.8071 29.3498 30.7969 
Y from QP: 0 0 0 0 0 0 0 0 0 0 0 0 0 0 0 0 
VX from QP: 5.68503 5.68546 5.68588 5.68631 5.68673 5.68716 5.68758 5.68801 5.68843 5.68885 5.68928 5.6897 5.69012 5.69054 5.69097 5.69139 
VY from QP: 0 0 0 0 0 0 0 0 0 0 0 0 0 0 0 0 
0,3,3500,car, x: 2.40042, y: 0, vx: 5.7889, vy: 0, psi_rad: 0,4.67,1.74
1  s_f 4.53  s_b 10.67  t_i 2.5  t_o 5
The formal decision is: 00001 namely is: 1
Final decision is: 00001
The corresponding cost is: -257.11
The cost of the formal decision is: -257.11
Path: 1 0 -1 -1 0 
Total cost: -257.11
V from As: 5.7889 6.12223 6.45557 6.7889 6.7889 6.7889 6.7889 6.45557 6.12223 5.7889 5.45557 5.12223 4.7889 4.7889 4.7889 4.7889
S from Astar: 0 1.98519 4.08149 6.2889 8.55187 10.8148 13.0778 15.2852 17.3815 19.3667 21.2408 23.0037 24.6556 26.2519 27.8482 29.4445 
X from Astar: 2.40042 4.38561 6.48191 8.68932 10.9523 13.2153 15.4782 17.6856 19.7819 21.7671 23.6412 25.4042 27.056 28.6523 30.2486 31.8449 
Y from Astar: 0 0 0 0 0 0 0 0 0 0 0 0 0 0 0 0 
0
X from QP: 2.40042 4.38165 6.4364 8.56399 10.748 12.9626 15.1776 17.3629 19.4933 21.5487 23.5153 25.3861 27.1587 28.8332 30.4106 31.8914 
Y from QP: 0 0 0 0 0 0 0 0 0 0 0 0 0 0 0 0 
VX from QP: 5.7889 5.78928 5.78965 5.79003 5.7904 5.79078 5.79115 5.79153 5.7919 5.79228 5.79265 5.79303 5.7934 5.79377 5.79415 5.79452 
VY from QP: 0 0 0 0 0 0 0 0 0 0 0 0 0 0 0 0 
Now x by QP is: 2.98465
Now y by QP is: 0
Now vx by QP is: 5.89276
Now vy by QP is: 0
1
X from QP: 2.40042 4.38673 6.44753 8.57987 10.7664 12.9812 15.1945 17.3768 19.5035 21.5552 23.5185 25.3866 27.1574 28.831 30.4083 31.89 
Y from QP: 0 0 0 0 0 0 0 0 0 0 0 0 0 0 0 0 
VX from QP: 5.7889 5.78933 5.78975 5.79018 5.7906 5.79102 5.79145 5.79187 5.7923 5.79272 5.79314 5.79357 5.79399 5.79441 5.79483 5.79526 
VY from QP: 0 0 0 0 0 0 0 0 0 0 0 0 0 0 0 0 
0,3,3600,car, x: 2.98465, y: 0, vx: 5.89276, vy: 0, psi_rad: 0,4.67,1.74
1  s_f 3.95  s_b 10.09  t_i 2.4  t_o 5
The formal decision is: 00001 namely is: 1
Final decision is: 00001
The corresponding cost is: -260.945
The cost of the formal decision is: -260.945
Path: 1 -1 0 -1 0 
Total cost: -260.945
V from As: 5.89276 6.2261 6.55943 6.89276 6.55943 6.2261 5.89276 5.89276 5.89276 5.89276 5.55943 5.2261 4.89276 4.89276 4.89276 4.89276
S from Astar: 0 2.01981 4.15073 6.39276 8.6348 10.7657 12.7855 14.7498 16.714 18.6783 20.587 22.3846 24.0711 25.702 27.3329 28.9638 
X from Astar: 2.98465 5.00446 7.13539 9.37742 11.6195 13.7504 15.7702 17.7344 19.6987 21.6629 23.5716 25.3692 27.0557 28.6866 30.3176 31.9485 
Y from Astar: 0 0 0 0 0 0 0 0 0 0 0 0 0 0 0 0 
0
X from QP: 2.98465 4.98599 7.03696 9.13245 11.2564 13.3883 15.5063 17.5903 19.6249 21.5992 23.5061 25.3424 27.1073 28.801 30.4245 31.9783 
Y from QP: 0 0 0 0 0 0 0 0 0 0 0 0 0 0 0 0 
VX from QP: 5.89276 5.89304 5.89331 5.89359 5.89386 5.89414 5.89441 5.89469 5.89496 5.89524 5.89551 5.89578 5.89606 5.89633 5.8966 5.89688 
VY from QP: 0 0 0 0 0 0 0 0 0 0 0 0 0 0 0 0 
Now x by QP is: 3.57782
Now y by QP is: 0
Now vx by QP is: 5.96822
Now vy by QP is: 0
1
X from QP: 2.98465 4.99108 7.04808 9.14833 11.2748 13.4069 15.5232 17.6042 19.6351 21.6057 23.5093 25.343 27.106 28.7988 30.4222 31.9769 
Y from QP: 0 0 0 0 0 0 0 0 0 0 0 0 0 0 0 0 
VX from QP: 5.89276 5.89309 5.89341 5.89374 5.89406 5.89439 5.89471 5.89503 5.89536 5.89568 5.896 5.89632 5.89665 5.89697 5.89729 5.89761 
VY from QP: 0 0 0 0 0 0 0 0 0 0 0 0 0 0 0 0 
0,3,3700,car, x: 3.57782, y: 0, vx: 5.96822, vy: 0, psi_rad: 0,4.67,1.74
1  s_f 3.36  s_b 9.5  t_i 2.3  t_o 5
The formal decision is: 00001 namely is: 1
Final decision is: 00001
The corresponding cost is: -264.694
The cost of the formal decision is: -264.694
Path: 1 -1 -1 -1 0 
Total cost: -264.694
V from As: 5.96822 6.30156 6.63489 6.96822 6.63489 6.30156 5.96822 5.63489 5.30156 4.96822 4.63489 4.30156 3.96822 3.96822 3.96822 3.96822
S from Astar: 0 2.04496 4.20104 6.46822 8.73541 10.8915 12.9364 14.8703 16.693 18.4047 20.0052 21.4946 22.8729 24.1956 25.5184 26.8411 
X from Astar: 3.57782 5.62279 7.77886 10.046 12.3132 14.4693 16.5143 18.4481 20.2709 21.9825 23.583 25.0724 26.4507 27.7735 29.0962 30.4189 
Y from Astar: 0 0 0 0 0 0 0 0 0 0 0 0 0 0 0 0 
0
X from QP: 3.57782 5.60686 7.68584 9.80393 11.9372 14.0562 16.1305 18.1329 20.044 21.8512 23.5481 25.134 26.6116 27.9846 29.2556 30.4257 
Y from QP: 0 0 0 0 0 0 0 0 0 0 0 0 0 0 0 0 
VX from QP: 5.96822 5.96852 5.96882 5.96912 5.96942 5.96972 5.97001 5.97031 5.97061 5.97091 5.9712 5.9715 5.9718 5.97209 5.97239 5.97268 
VY from QP: 0 0 0 0 0 0 0 0 0 0 0 0 0 0 0 0 
Now x by QP is: 4.17885
Now y by QP is: 0
Now vx by QP is: 6.04961
Now vy by QP is: 0
1
X from QP: 3.57782 5.61066 7.69414 9.81579 11.9509 14.0701 16.1431 18.1433 20.0516 21.8561 23.5505 25.1344 26.6107 27.9829 29.2538 30.4247 
Y from QP: 0 0 0 0 0 0 0 0 0 0 0 0 0 0 0 0 
VX from QP: 5.96822 5.96856 5.9689 5.96923 5.96957 5.9699 5.97023 5.97057 5.9709 5.97124 5.97157 5.9719 5.97224 5.97257 5.9729 5.97323 
VY from QP: 0 0 0 0 0 0 0 0 0 0 0 0 0 0 0 0 
0,3,3800,car, x: 4.17885, y: 0, vx: 6.04961, vy: 0, psi_rad: 0,4.67,1.74
1  s_f 2.76  s_b 8.9  t_i 2.2  t_o 5
The formal decision is: 00001 namely is: 1
Final decision is: 00001
The corresponding cost is: -262.896
The cost of the formal decision is: -262.896
Path: 1 -1 -1 -1 0 
Total cost: -262.896
V from As: 6.04961 6.38295 6.71628 7.04961 6.71628 6.38295 6.04961 5.71628 5.38295 5.04961 4.71628 4.38295 4.04961 4.04961 4.04961 4.04961
S from Astar: 0 2.07209 4.2553 6.54961 8.84393 11.0271 13.0992 15.0602 16.9101 18.6488 20.2765 21.793 23.1984 24.5483 25.8982 27.2481 
X from Astar: 4.17885 6.25094 8.43415 10.7285 13.0228 15.206 17.2781 19.2391 21.0889 22.8277 24.4553 25.9719 27.3773 28.7272 30.077 31.4269 
Y from Astar: 0 0 0 0 0 0 0 0 0 0 0 0 0 0 0 0 
0
X from QP: 4.17885 6.23502 8.34113 10.4864 12.6467 14.7928 16.8943 18.9238 20.8621 22.6964 24.4204 26.0335 27.5382 28.9383 30.2364 31.4337 
Y from QP: 0 0 0 0 0 0 0 0 0 0 0 0 0 0 0 0 
VX from QP: 6.04961 6.04991 6.05021 6.05051 6.0508 6.0511 6.0514 6.0517 6.052 6.05229 6.05259 6.05289 6.05318 6.05348 6.05378 6.05407 
VY from QP: 0 0 0 0 0 0 0 0 0 0 0 0 0 0 0 0 
Now x by QP is: 4.78802
Now y by QP is: 0
Now vx by QP is: 6.131
Now vy by QP is: 0
1
X from QP: 4.17885 6.23893 8.34968 10.4986 12.6609 14.8071 16.9072 18.9345 20.8699 22.7014 24.4229 26.0339 27.5372 28.9366 30.2346 31.4326 
Y from QP: 0 0 0 0 0 0 0 0 0 0 0 0 0 0 0 0 
VX from QP: 6.04961 6.04995 6.05028 6.05062 6.05096 6.05129 6.05163 6.05196 6.0523 6.05263 6.05297 6.0533 6.05364 6.05397 6.0543 6.05464 
VY from QP: 0 0 0 0 0 0 0 0 0 0 0 0 0 0 0 0 
0,3,3900,car, x: 4.78802, y: 0, vx: 6.131, vy: 0, psi_rad: 0,4.67,1.74
1  s_f 2.15  s_b 8.29  t_i 2.1  t_o 5
The formal decision is: 00001 namely is: 1
Final decision is: 00001
The corresponding cost is: -261.032
The cost of the formal decision is: -261.032
Path: 1 -1 -1 -1 0 
Total cost: -261.032
V from As: 6.131 6.46433 6.79767 7.131 6.79767 6.46433 6.131 5.79767 5.46433 5.131 4.79767 4.46433 4.131 4.131 4.131 4.131
S from Astar: 0 2.09922 4.30955 6.631 8.95244 11.1628 13.262 15.2501 17.1271 18.893 20.5478 22.0914 23.524 24.901 26.278 27.655 
X from Astar: 4.78802 6.88724 9.09757 11.419 13.7405 15.9508 18.05 20.0381 21.9151 23.681 25.3358 26.8795 28.312 29.689 31.066 32.443 
Y from Astar: 0 0 0 0 0 0 0 0 0 0 0 0 0 0 0 0 
0
X from QP: 4.78802 6.87132 9.00455 11.1769 13.3644 15.5377 17.6662 19.7229 21.6883 23.5497 25.3008 26.941 28.4729 29.9002 31.2254 32.4498 
Y from QP: 0 0 0 0 0 0 0 0 0 0 0 0 0 0 0 0 
VX from QP: 6.131 6.1313 6.1316 6.13189 6.13219 6.13249 6.13279 6.13308 6.13338 6.13368 6.13398 6.13427 6.13457 6.13487 6.13516 6.13546 
VY from QP: 0 0 0 0 0 0 0 0 0 0 0 0 0 0 0 0 
Now x by QP is: 5.40532
Now y by QP is: 0
Now vx by QP is: 6.21239
Now vy by QP is: 0
1
X from QP: 4.78802 6.87524 9.01313 11.1891 13.3786 15.552 17.6792 19.7336 21.6962 23.5547 25.3033 26.9415 28.4719 29.8984 31.2236 32.4487 
Y from QP: 0 0 0 0 0 0 0 0 0 0 0 0 0 0 0 0 
VX from QP: 6.131 6.13134 6.13167 6.13201 6.13234 6.13268 6.13302 6.13335 6.13369 6.13402 6.13436 6.13469 6.13502 6.13536 6.13569 6.13603 
VY from QP: 0 0 0 0 0 0 0 0 0 0 0 0 0 0 0 0 
0,4,4000,car, x: 5.40532, y: 0, vx: 6.21239, vy: 0, psi_rad: 0,4.67,1.74
1  s_f 1.53  s_b 7.67  t_i 2  t_o 5
The formal decision is: 00001 namely is: 1
Final decision is: 00001
The corresponding cost is: -259.102
The cost of the formal decision is: -259.102
Path: 1 -1 -1 -1 0 
Total cost: -259.102
V from As: 6.21239 6.54572 6.87905 7.21239 6.87905 6.54572 6.21239 5.87905 5.54572 5.21239 4.87905 4.54572 4.21239 4.21239 4.21239 4.21239
S from Astar: 0 2.12635 4.36381 6.71239 9.06096 11.2984 13.4248 15.44 17.3441 19.1372 20.8191 22.3899 23.8495 25.2537 26.6578 28.0619 
X from Astar: 5.40532 7.53168 9.76914 12.1177 14.4663 16.7037 18.8301 20.8453 22.7495 24.5425 26.2244 27.7952 29.2549 30.659 32.0631 33.4673 
Y from Astar: 0 0 0 0 0 0 0 0 0 0 0 0 0 0 0 0 
0
X from QP: 5.40532 7.51575 9.67611 11.8756 14.0902 16.2906 18.4463 20.5301 22.5226 24.4112 26.1894 27.8568 29.4158 30.8702 32.2225 33.474 
Y from QP: 0 0 0 0 0 0 0 0 0 0 0 0 0 0 0 0 
VX from QP: 6.21239 6.21268 6.21298 6.21328 6.21358 6.21388 6.21417 6.21447 6.21477 6.21507 6.21536 6.21566 6.21596 6.21625 6.21655 6.21685 
VY from QP: 0 0 0 0 0 0 0 0 0 0 0 0 0 0 0 0 
Now x by QP is: 6.03077
Now y by QP is: 0
Now vx by QP is: 6.29377
Now vy by QP is: 0
1
X from QP: 5.40532 7.51967 9.6847 11.8878 14.1044 16.305 18.4593 20.5408 22.5305 24.4162 26.1919 27.8572 29.4148 30.8684 32.2207 33.4729 
Y from QP: 0 0 0 0 0 0 0 0 0 0 0 0 0 0 0 0 
VX from QP: 6.21239 6.21272 6.21306 6.21339 6.21373 6.21407 6.2144 6.21474 6.21507 6.21541 6.21574 6.21608 6.21641 6.21675 6.21708 6.21741 
VY from QP: 0 0 0 0 0 0 0 0 0 0 0 0 0 0 0 0 
0,4,4100,car, x: 6.03077, y: 0, vx: 6.29377, vy: 0, psi_rad: 0,4.67,1.74
1  s_f 0.9  s_b 7.04  t_i 1.9  t_o 4.9
The formal decision is: 00001 namely is: 1
Final decision is: 00001
The corresponding cost is: -257.105
The cost of the formal decision is: -257.105
Path: 1 -1 -1 -1 0 
Total cost: -257.105
V from As: 6.29377 6.62711 6.96044 7.29377 6.96044 6.62711 6.29377 5.96044 5.62711 5.29377 4.96044 4.62711 4.29377 4.29377 4.29377 4.29377
S from Astar: 0 2.15348 4.41807 6.79377 9.16947 11.4341 13.5875 15.6299 17.5612 19.3813 21.0904 22.6883 24.1751 25.6063 27.0376 28.4689 
X from Astar: 6.03077 8.18425 10.4488 12.8245 15.2002 17.4648 19.6183 21.6607 23.5919 25.4121 27.1211 28.719 30.2059 31.6371 33.0684 34.4996 
Y from Astar: 0 0 0 0 0 0 0 0 0 0 0 0 0 0 0 0 
0
X from QP: 6.03077 8.16833 10.3558 12.5824 14.8242 17.0517 19.2345 21.3455 23.3651 25.2808 27.0862 28.7806 30.3668 31.8483 33.2277 34.5064 
Y from QP: 0 0 0 0 0 0 0 0 0 0 0 0 0 0 0 0 
VX from QP: 6.29377 6.29407 6.29437 6.29467 6.29497 6.29526 6.29556 6.29586 6.29616 6.29645 6.29675 6.29705 6.29734 6.29764 6.29794 6.29823 
VY from QP: 0 0 0 0 0 0 0 0 0 0 0 0 0 0 0 0 
Now x by QP is: 6.66435
Now y by QP is: 0
Now vx by QP is: 6.37516
Now vy by QP is: 0
1
X from QP: 6.03077 8.17225 10.3644 12.5947 14.8384 17.066 19.2475 21.3562 23.373 25.2858 27.0887 28.7811 30.3658 31.8465 33.226 34.5053 
Y from QP: 0 0 0 0 0 0 0 0 0 0 0 0 0 0 0 0 
VX from QP: 6.29377 6.29411 6.29445 6.29478 6.29512 6.29545 6.29579 6.29612 6.29646 6.29679 6.29713 6.29746 6.2978 6.29813 6.29847 6.2988 
VY from QP: 0 0 0 0 0 0 0 0 0 0 0 0 0 0 0 0 
0,4,4200,car, x: 6.66435, y: 0, vx: 6.37516, vy: 0, psi_rad: 0,4.67,1.74
1  s_f 0.27  s_b 6.41  t_i 1.8  t_o 4.8
The formal decision is: 00001 namely is: 1
Final decision is: 00001
The corresponding cost is: -272.793
The cost of the formal decision is: -272.793
Path: 0 0 -1 -1 0 
Total cost: -272.793
V from As: 6.37516 6.37516 6.37516 6.37516 6.37516 6.37516 6.37516 6.04183 5.70849 5.37516 5.04183 4.70849 4.37516 4.37516 4.37516 4.37516
S from Astar: 0 2.12505 4.25011 6.37516 8.50021 10.6253 12.7503 14.8198 16.7782 18.6255 20.3616 21.9867 23.5006 24.959 26.4174 27.8758 
X from Astar: 6.66435 8.78941 10.9145 13.0395 15.1646 17.2896 19.4147 21.4842 23.4426 25.2898 27.026 28.651 30.165 31.6234 33.0818 34.5401 
Y from Astar: 0 0 0 0 0 0 0 0 0 0 0 0 0 0 0 0 
0
X from QP: 6.66435 8.79519 10.9308 13.0648 15.1867 17.2834 19.3403 21.3434 23.2808 25.1427 26.9228 28.6186 30.2298 31.7578 33.2035 34.5678 
Y from QP: 0 0 0 0 0 0 0 0 0 0 0 0 0 0 0 0 
VX from QP: 6.37516 6.37521 6.37525 6.3753 6.37535 6.37539 6.37544 6.37549 6.37553 6.37558 6.37563 6.37567 6.37572 6.37577 6.37581 6.37586 
VY from QP: 0 0 0 0 0 0 0 0 0 0 0 0 0 0 0 0 
Now x by QP is: 7.30252
Now y by QP is: 0
Now vx by QP is: 6.38762
Now vy by QP is: 0
1
X from QP: 6.66435 8.79911 10.9394 13.0771 15.2009 17.2977 19.3533 21.3542 23.2887 25.1477 26.9253 28.619 30.2288 31.756 33.2018 34.5668 
Y from QP: 0 0 0 0 0 0 0 0 0 0 0 0 0 0 0 0 
VX from QP: 6.37516 6.37524 6.37533 6.37541 6.3755 6.37558 6.37567 6.37575 6.37584 6.37592 6.37601 6.37609 6.37618 6.37626 6.37635 6.37643 
VY from QP: 0 0 0 0 0 0 0 0 0 0 0 0 0 0 0 0 
0,4,4300,car, x: 7.30252, y: 0, vx: 6.38762, vy: 0, psi_rad: 0,4.67,1.74
1  s_f 0  s_b 5.77  t_i 1.7  t_o 4.7
The formal decision is: 00001 namely is: 1
Final decision is: 00001
The corresponding cost is: -272.496
The cost of the formal decision is: -272.496
Path: 0 0 -1 -1 0 
Total cost: -272.496
V from As: 6.38762 6.38762 6.38762 6.38762 6.38762 6.38762 6.38762 6.05428 5.72095 5.38762 5.05428 4.72095 4.38762 4.38762 4.38762 4.38762
S from Astar: 0 2.12921 4.25841 6.38762 8.51682 10.646 12.7752 14.8489 16.8114 18.6629 20.4032 22.0324 23.5505 25.013 26.4756 27.9381 
X from Astar: 7.30252 9.43173 11.5609 13.6901 15.8193 17.9486 20.0778 22.1514 24.1139 25.9654 27.7057 29.3349 30.853 32.3155 33.7781 35.2406 
Y from Astar: 0 0 0 0 0 0 0 0 0 0 0 0 0 0 0 0 
0
X from QP: 7.30252 9.43751 11.5773 13.7154 15.8415 17.9423 20.0034 22.0107 23.9522 25.8182 27.6025 29.3024 30.9178 32.4499 33.8998 35.2683 
Y from QP: 0 0 0 0 0 0 0 0 0 0 0 0 0 0 0 0 
VX from QP: 6.38762 6.38767 6.38771 6.38776 6.38781 6.38785 6.3879 6.38795 6.38799 6.38804 6.38809 6.38813 6.38818 6.38823 6.38827 6.38832 
VY from QP: 0 0 0 0 0 0 0 0 0 0 0 0 0 0 0 0 
Now x by QP is: 7.94193
Now y by QP is: 0
Now vx by QP is: 6.40008
Now vy by QP is: 0
1
X from QP: 7.30252 9.4384 11.5792 13.7182 15.8447 17.9456 20.0063 22.0131 23.954 25.8194 27.6031 29.3025 30.9176 32.4495 33.8994 35.2681 
Y from QP: 0 0 0 0 0 0 0 0 0 0 0 0 0 0 0 0 
VX from QP: 6.38762 6.38767 6.38773 6.38779 6.38784 6.3879 6.38795 6.38801 6.38806 6.38812 6.38817 6.38823 6.38828 6.38834 6.38839 6.38845 
VY from QP: 0 0 0 0 0 0 0 0 0 0 0 0 0 0 0 0 
0,4,4400,car, x: 7.94193, y: 0, vx: 6.40008, vy: 0, psi_rad: 0,4.67,1.74
1  s_f 0  s_b 5.13  t_i 1.6  t_o 4.6
The formal decision is: 00001 namely is: 1
Final decision is: 00001
The corresponding cost is: -272.198
The cost of the formal decision is: -272.198
Path: 0 0 -1 -1 0 
Total cost: -272.198
V from As: 6.40008 6.40008 6.40008 6.40008 6.40008 6.40008 6.40008 6.06674 5.73341 5.40008 5.06674 4.73341 4.40008 4.40008 4.40008 4.40008
S from Astar: 0 2.13336 4.26672 6.40008 8.53344 10.6668 12.8002 14.878 16.8447 18.7002 20.4447 22.0781 23.6003 25.067 26.5337 28.0004 
X from Astar: 7.94193 10.0753 12.2087 14.342 16.4754 18.6087 20.7421 22.8199 24.7866 26.6422 28.3866 30.02 31.5422 33.0089 34.4756 35.9423 
Y from Astar: 0 0 0 0 0 0 0 0 0 0 0 0 0 0 0 0 
0
X from QP: 7.94193 10.0811 12.225 14.3673 16.4975 18.6025 20.6677 22.6792 24.6248 26.495 28.2835 29.9875 31.6071 33.1433 34.5974 35.97 
Y from QP: 0 0 0 0 0 0 0 0 0 0 0 0 0 0 0 0 
VX from QP: 6.40008 6.40012 6.40017 6.40022 6.40027 6.40031 6.40036 6.40041 6.40045 6.4005 6.40055 6.40059 6.40064 6.40069 6.40073 6.40078 
VY from QP: 0 0 0 0 0 0 0 0 0 0 0 0 0 0 0 0 
Now x by QP is: 8.58259
Now y by QP is: 0
Now vx by QP is: 6.41254
Now vy by QP is: 0
1
X from QP: 7.94193 10.0817 12.2263 14.3692 16.4997 18.6047 20.6697 22.6808 24.626 26.4958 28.2838 29.9876 31.6069 33.1431 34.5971 35.9698 
Y from QP: 0 0 0 0 0 0 0 0 0 0 0 0 0 0 0 0 
VX from QP: 6.40008 6.40013 6.40018 6.40024 6.40029 6.40034 6.40039 6.40045 6.4005 6.40055 6.40061 6.40066 6.40071 6.40076 6.40082 6.40087 
VY from QP: 0 0 0 0 0 0 0 0 0 0 0 0 0 0 0 0 
0,4,4500,car, x: 8.58259, y: 0, vx: 6.41254, vy: 0, psi_rad: 0,4.67,1.74
1  s_f 0  s_b 4.49  t_i 1.5  t_o 4.5
The formal decision is: 00001 namely is: 1
Final decision is: 00001
The corresponding cost is: -281.548
The cost of the formal decision is: -281.548
Path: 0 -1 -1 0 0 
Total cost: -281.548
V from As: 6.41254 6.41254 6.41254 6.41254 6.0792 5.74587 5.41254 5.0792 4.74587 4.41254 4.41254 4.41254 4.41254 4.41254 4.41254 4.41254
S from Astar: 0 2.13751 4.27502 6.41254 8.49449 10.4653 12.3251 14.0737 15.7112 17.2376 18.7085 20.1793 21.6501 23.121 24.5918 26.0627 
X from Astar: 8.58259 10.7201 12.8576 14.9951 17.0771 19.0479 20.9077 22.6563 24.2938 25.8202 27.291 28.7619 30.2327 31.7036 33.1744 34.6453 
Y from Astar: 0 0 0 0 0 0 0 0 0 0 0 0 0 0 0 0 
0
X from QP: 8.58259 10.7107 12.8155 14.8812 16.8924 18.8364 20.7045 22.4927 24.2025 25.8398 27.4126 28.9299 30.4004 31.8306 33.2242 34.5825 
Y from QP: 0 0 0 0 0 0 0 0 0 0 0 0 0 0 0 0 
VX from QP: 6.41254 6.41248 6.41243 6.41237 6.41232 6.41227 6.41221 6.41216 6.4121 6.41205 6.412 6.41194 6.41189 6.41183 6.41178 6.41172 
VY from QP: 0 0 0 0 0 0 0 0 0 0 0 0 0 0 0 0 
Now x by QP is: 9.22302
Now y by QP is: 0
Now vx by QP is: 6.39599
Now vy by QP is: 0
1
X from QP: 8.58259 10.7113 12.8168 14.883 16.8945 18.8385 20.7065 22.4943 24.2037 25.8405 27.4129 28.93 30.4002 31.8303 33.2239 34.5824 
Y from QP: 0 0 0 0 0 0 0 0 0 0 0 0 0 0 0 0 
VX from QP: 6.41254 6.41249 6.41244 6.41239 6.41234 6.41229 6.41225 6.4122 6.41215 6.4121 6.41205 6.412 6.41195 6.41191 6.41186 6.41181 
VY from QP: 0 0 0 0 0 0 0 0 0 0 0 0 0 0 0 0 
0,4,4600,car, x: 9.22302, y: 0, vx: 6.39599, vy: 0, psi_rad: 0,4.67,1.74
1  s_f 0  s_b 3.85  t_i 1.4  t_o 4.4
The formal decision is: 00001 namely is: 1
Final decision is: 00001
The corresponding cost is: -281.88
The cost of the formal decision is: -281.88
Path: 0 -1 -1 0 0 
Total cost: -281.88
V from As: 6.39599 6.39599 6.39599 6.39599 6.06265 5.72932 5.39599 5.06265 4.72932 4.39599 4.39599 4.39599 4.39599 4.39599 4.39599 4.39599
S from Astar: 0 2.132 4.26399 6.39599 8.47242 10.4378 12.292 14.0351 15.6671 17.188 18.6533 20.1186 21.5839 23.0493 24.5146 25.9799 
X from Astar: 9.22302 11.355 13.487 15.619 17.6954 19.6608 21.515 23.2581 24.8901 26.411 27.8763 29.3416 30.807 32.2723 33.7376 35.2029 
Y from Astar: 0 0 0 0 0 0 0 0 0 0 0 0 0 0 0 0 
0
X from QP: 9.22302 11.3456 13.4449 15.5051 17.5107 19.4492 21.3119 23.0945 24.7988 26.4305 27.9978 29.5097 30.9746 32.3993 33.7874 35.1402 
Y from QP: 0 0 0 0 0 0 0 0 0 0 0 0 0 0 0 0 
VX from QP: 6.39599 6.39593 6.39588 6.39582 6.39577 6.39571 6.39566 6.39561 6.39555 6.3955 6.39544 6.39539 6.39534 6.39528 6.39523 6.39517 
VY from QP: 0 0 0 0 0 0 0 0 0 0 0 0 0 0 0 0 
Now x by QP is: 9.8618
Now y by QP is: 0
Now vx by QP is: 6.37943
Now vy by QP is: 0
1
X from QP: 9.22302 11.3448 13.4432 15.5027 17.5079 19.4464 21.3093 23.0924 24.7973 26.4296 27.9973 29.5096 30.9748 32.3996 33.7877 35.1404 
Y from QP: 0 0 0 0 0 0 0 0 0 0 0 0 0 0 0 0 
VX from QP: 6.39599 6.39592 6.39586 6.3958 6.39574 6.39568 6.39562 6.39555 6.39549 6.39543 6.39537 6.39531 6.39525 6.39519 6.39512 6.39506 
VY from QP: 0 0 0 0 0 0 0 0 0 0 0 0 0 0 0 0 
0,4,4700,car, x: 9.8618, y: 0, vx: 6.37943, vy: 0, psi_rad: 0,4.67,1.74
1  s_f 0  s_b 3.21  t_i 1.3  t_o 4.3
The formal decision is: 00001 namely is: 1
Final decision is: 00001
The corresponding cost is: -282.209
The cost of the formal decision is: -282.209
Path: 0 -1 -1 0 0 
Total cost: -282.209
V from As: 6.37943 6.37943 6.37943 6.37943 6.0461 5.71277 5.37943 5.0461 4.71277 4.37943 4.37943 4.37943 4.37943 4.37943 4.37943 4.37943
S from Astar: 0 2.12648 4.25296 6.37943 8.45036 10.4102 12.2589 13.9965 15.6229 17.1383 18.5981 20.0579 21.5177 22.9775 24.4374 25.8972 
X from Astar: 9.8618 11.9883 14.1148 16.2412 18.3122 20.272 22.1207 23.8583 25.4847 27.0001 28.4599 29.9197 31.3795 32.8393 34.2992 35.759 
Y from Astar: 0 0 0 0 0 0 0 0 0 0 0 0 0 0 0 0 
0
X from QP: 9.8618 11.9789 14.0726 16.1273 18.1274 20.0604 21.9175 23.6947 25.3935 27.0197 28.5814 30.0878 31.5472 32.9663 34.3489 35.6962 
Y from QP: 0 0 0 0 0 0 0 0 0 0 0 0 0 0 0 0 
VX from QP: 6.37943 6.37938 6.37933 6.37927 6.37922 6.37916 6.37911 6.37905 6.379 6.37895 6.37889 6.37884 6.37878 6.37873 6.37868 6.37862 
VY from QP: 0 0 0 0 0 0 0 0 0 0 0 0 0 0 0 0 
Now x by QP is: 10.4989
Now y by QP is: 0
Now vx by QP is: 6.36288
Now vy by QP is: 0
1
X from QP: 9.8618 11.978 14.0707 16.1245 18.1242 20.0572 21.9146 23.6922 25.3917 27.0185 28.5809 30.0877 31.5474 32.9667 34.3493 35.6965 
Y from QP: 0 0 0 0 0 0 0 0 0 0 0 0 0 0 0 0 
VX from QP: 6.37943 6.37937 6.37931 6.37925 6.37918 6.37912 6.37906 6.37899 6.37893 6.37887 6.37881 6.37874 6.37868 6.37862 6.37855 6.37849 
VY from QP: 0 0 0 0 0 0 0 0 0 0 0 0 0 0 0 0 
0,4,4800,car, x: 10.4989, y: 0, vx: 6.36288, vy: 0, psi_rad: 0,4.67,1.74
1  s_f 0  s_b 2.58  t_i 1.2  t_o 4.2
The formal decision is: 00001 namely is: 1
Final decision is: 00001
The corresponding cost is: -282.535
The cost of the formal decision is: -282.535
Path: 0 -1 -1 0 0 
Total cost: -282.535
V from As: 6.36288 6.36288 6.36288 6.36288 6.02955 5.69622 5.36288 5.02955 4.69622 4.36288 4.36288 4.36288 4.36288 4.36288 4.36288 4.36288
S from Astar: 0 2.12096 4.24192 6.36288 8.42829 10.3826 12.2258 13.9578 15.5788 17.0886 18.5429 19.9972 21.4515 22.9058 24.3601 25.8144 
X from Astar: 10.4989 12.6199 14.7408 16.8618 18.9272 20.8815 22.7247 24.4568 26.0777 27.5876 29.0419 30.4962 31.9504 33.4047 34.859 36.3133 
Y from Astar: 0 0 0 0 0 0 0 0 0 0 0 0 0 0 0 0 
0
X from QP: 10.4989 12.6105 14.6987 16.7479 18.7425 20.67 22.5216 24.2932 25.9864 27.6071 29.1634 30.6642 32.1181 33.5317 34.9088 36.2506 
Y from QP: 0 0 0 0 0 0 0 0 0 0 0 0 0 0 0 0 
VX from QP: 6.36288 6.36283 6.36277 6.36272 6.36267 6.36261 6.36256 6.3625 6.36245 6.36239 6.36234 6.36229 6.36223 6.36218 6.36212 6.36207 
VY from QP: 0 0 0 0 0 0 0 0 0 0 0 0 0 0 0 0 
Now x by QP is: 11.1344
Now y by QP is: 0
Now vx by QP is: 6.34633
Now vy by QP is: 0
1
X from QP: 10.4989 12.6096 14.6968 16.7451 18.7392 20.6667 22.5186 24.2907 25.9846 27.606 29.1628 30.6641 32.1183 33.5321 34.9092 36.2508 
Y from QP: 0 0 0 0 0 0 0 0 0 0 0 0 0 0 0 0 
VX from QP: 6.36288 6.36282 6.36276 6.36269 6.36263 6.36257 6.3625 6.36244 6.36238 6.36232 6.36225 6.36219 6.36213 6.36206 6.362 6.36194 
VY from QP: 0 0 0 0 0 0 0 0 0 0 0 0 0 0 0 0 
0,4,4900,car, x: 11.1344, y: 0, vx: 6.34633, vy: 0, psi_rad: 0,4.67,1.74
1  s_f 0  s_b 1.94  t_i 1.1  t_o 4.1
The formal decision is: 00001 namely is: 1
Final decision is: 00001
The corresponding cost is: -282.859
The cost of the formal decision is: -282.859
Path: 0 -1 -1 0 0 
Total cost: -282.859
V from As: 6.34633 6.34633 6.34633 6.34633 6.013 5.67966 5.34633 5.013 4.67966 4.34633 4.34633 4.34633 4.34633 4.34633 4.34633 4.34633
S from Astar: 0 2.11544 4.23089 6.34633 8.40622 10.355 12.1927 13.9192 15.5347 17.039 18.4878 19.9365 21.3853 22.8341 24.2829 25.7317 
X from Astar: 11.1344 13.2498 15.3653 17.4807 19.5406 21.4894 23.327 25.0536 26.669 28.1734 29.6222 31.0709 32.5197 33.9685 35.4173 36.866 
Y from Astar: 0 0 0 0 0 0 0 0 0 0 0 0 0 0 0 0 
0
X from QP: 11.1344 13.2404 15.3232 17.3668 19.3559 21.2778 23.1239 24.89 26.5778 28.1929 29.7437 31.239 32.6873 34.0955 35.467 36.8033 
Y from QP: 0 0 0 0 0 0 0 0 0 0 0 0 0 0 0 0 
VX from QP: 6.34633 6.34628 6.34622 6.34617 6.34611 6.34606 6.34601 6.34595 6.3459 6.34584 6.34579 6.34573 6.34568 6.34563 6.34557 6.34552 
VY from QP: 0 0 0 0 0 0 0 0 0 0 0 0 0 0 0 0 
Now x by QP is: 11.7682
Now y by QP is: 0
Now vx by QP is: 6.32978
Now vy by QP is: 0
1
X from QP: 11.1344 13.2395 15.3212 17.364 19.3526 21.2745 23.1209 24.8875 26.576 28.1918 29.7431 31.2389 32.6876 34.0959 35.4674 36.8035 
Y from QP: 0 0 0 0 0 0 0 0 0 0 0 0 0 0 0 0 
VX from QP: 6.34633 6.34627 6.3462 6.34614 6.34608 6.34602 6.34595 6.34589 6.34583 6.34576 6.3457 6.34564 6.34558 6.34551 6.34545 6.34539 
VY from QP: 0 0 0 0 0 0 0 0 0 0 0 0 0 0 0 0 
0,5,5000,car, x: 11.7682, y: 0, vx: 6.32978, vy: 0, psi_rad: 0,4.67,1.74
1  s_f 0  s_b 1.31  t_i 1  t_o 4
The formal decision is: 00001 namely is: 1
Final decision is: 00001
The corresponding cost is: -283.18
The cost of the formal decision is: -283.18
Path: 0 -1 -1 0 0 
Total cost: -283.18
V from As: 6.32978 6.32978 6.32978 6.32978 5.99645 5.66311 5.32978 4.99645 4.66311 4.32978 4.32978 4.32978 4.32978 4.32978 4.32978 4.32978
S from Astar: 0 2.10993 4.21985 6.32978 8.38415 10.3274 12.1596 13.8806 15.4905 16.9893 18.4326 19.8759 21.3191 22.7624 24.2056 25.6489 
X from Astar: 11.7682 13.8781 15.988 18.098 20.1523 22.0956 23.9278 25.6488 27.2587 28.7575 30.2008 31.6441 33.0873 34.5306 35.9738 37.4171 
Y from Astar: 0 0 0 0 0 0 0 0 0 0 0 0 0 0 0 0 
0
X from QP: 11.7682 13.8687 15.9459 17.9841 19.9676 21.8841 23.7246 25.4852 27.1674 28.7771 30.3223 31.8121 33.2549 34.6576 36.0236 37.3543 
Y from QP: 0 0 0 0 0 0 0 0 0 0 0 0 0 0 0 0 
VX from QP: 6.32978 6.32972 6.32967 6.32962 6.32956 6.32951 6.32945 6.3294 6.32935 6.32929 6.32924 6.32918 6.32913 6.32907 6.32902 6.32897 
VY from QP: 0 0 0 0 0 0 0 0 0 0 0 0 0 0 0 0 
Now x by QP is: 12.4004
Now y by QP is: 0
Now vx by QP is: 6.31323
Now vy by QP is: 0
1
X from QP: 11.7682 13.8678 15.944 17.9812 19.9643 21.8808 23.7216 25.4827 27.1656 28.7759 30.3217 31.812 33.2552 34.658 36.024 37.3546 
Y from QP: 0 0 0 0 0 0 0 0 0 0 0 0 0 0 0 0 
VX from QP: 6.32978 6.32972 6.32965 6.32959 6.32953 6.32946 6.3294 6.32934 6.32928 6.32921 6.32915 6.32909 6.32902 6.32896 6.3289 6.32884 
VY from QP: 0 0 0 0 0 0 0 0 0 0 0 0 0 0 0 0 
0,5,5100,car, x: 12.4004, y: 0, vx: 6.31323, vy: 0, psi_rad: 0,4.67,1.74
1  s_f 0  s_b 0.67  t_i 0.9  t_o 3.9
The formal decision is: 00001 namely is: 1
Final decision is: 00001
The corresponding cost is: -283.498
The cost of the formal decision is: -283.498
Path: 0 -1 -1 0 0 
Total cost: -283.498
V from As: 6.31323 6.31323 6.31323 6.31323 5.97989 5.64656 5.31323 4.97989 4.64656 4.31323 4.31323 4.31323 4.31323 4.31323 4.31323 4.31323
S from Astar: 0 2.10441 4.20882 6.31323 8.36208 10.2998 12.1265 13.842 15.4464 16.9397 18.3774 19.8152 21.2529 22.6906 24.1284 25.5661 
X from Astar: 12.4004 14.5048 16.6092 18.7136 20.7624 22.7002 24.5268 26.2423 27.8467 29.34 30.7778 32.2155 33.6533 35.091 36.5287 37.9665 
Y from Astar: 0 0 0 0 0 0 0 0 0 0 0 0 0 0 0 0 
0
X from QP: 12.4004 14.4953 16.5671 18.5997 20.5777 22.4886 24.3237 26.0787 27.7555 29.3596 30.8993 32.3836 33.8209 35.218 36.5785 37.9037 
Y from QP: 0 0 0 0 0 0 0 0 0 0 0 0 0 0 0 0 
VX from QP: 6.31323 6.31317 6.31312 6.31306 6.31301 6.31296 6.3129 6.31285 6.31279 6.31274 6.31269 6.31263 6.31258 6.31252 6.31247 6.31241 
VY from QP: 0 0 0 0 0 0 0 0 0 0 0 0 0 0 0 0 
Now x by QP is: 13.0309
Now y by QP is: 0
Now vx by QP is: 6.29668
Now vy by QP is: 0
1
X from QP: 12.4004 14.4944 16.5651 18.5968 20.5744 22.4853 24.3207 26.0763 27.7536 29.3584 30.8987 32.3835 33.8211 35.2184 36.5789 37.904 
Y from QP: 0 0 0 0 0 0 0 0 0 0 0 0 0 0 0 0 
VX from QP: 6.31323 6.31316 6.3131 6.31304 6.31298 6.31291 6.31285 6.31279 6.31272 6.31266 6.3126 6.31254 6.31247 6.31241 6.31235 6.31228 
VY from QP: 0 0 0 0 0 0 0 0 0 0 0 0 0 0 0 0 
0,5,5200,car, x: 13.0309, y: 0, vx: 6.29668, vy: 0, psi_rad: 0,4.67,1.74
1  s_f 0  s_b 0.04  t_i 0.8  t_o 3.8
The formal decision is: 00001 namely is: 1
Final decision is: 00001
The corresponding cost is: -257.033
The cost of the formal decision is: -257.033
Path: 1 -1 -1 -1 0 
Total cost: -257.033
V from As: 6.29668 6.63001 6.96334 7.29668 6.96334 6.63001 6.29668 5.96334 5.63001 5.29668 4.96334 4.63001 4.29668 4.29668 4.29668 4.29668
S from Astar: 0 2.15445 4.42001 6.79668 9.17334 11.4389 13.5934 15.6367 17.5689 19.39 21.1 22.6989 24.1867 25.6189 27.0512 28.4834 
X from Astar: 13.0309 15.1853 17.4509 19.8275 22.2042 24.4698 26.6242 28.6675 30.5998 32.4209 34.1309 35.7298 37.2176 38.6498 40.082 41.5142 
Y from Astar: 0 0 0 0 0 0 0 0 0 0 0 0 0 0 0 0 
0
X from QP: 13.0309 15.1694 17.3578 19.5854 21.8281 24.0566 26.2404 28.3523 30.3729 32.2896 34.0959 35.7914 37.3785 38.8609 40.2414 41.521 
Y from QP: 0 0 0 0 0 0 0 0 0 0 0 0 0 0 0 0 
VX from QP: 6.29668 6.29697 6.29727 6.29757 6.29787 6.29817 6.29846 6.29876 6.29906 6.29936 6.29965 6.29995 6.30025 6.30054 6.30084 6.30113 
VY from QP: 0 0 0 0 0 0 0 0 0 0 0 0 0 0 0 0 
Now x by QP is: 13.6647
Now y by QP is: 0
Now vx by QP is: 6.37806
Now vy by QP is: 0
1
X from QP: 13.0309 15.1685 17.3559 19.5826 21.8249 24.0533 26.2374 28.3498 30.3711 32.2884 34.0954 35.7913 37.3787 38.8613 40.2418 41.5212 
Y from QP: 0 0 0 0 0 0 0 0 0 0 0 0 0 0 0 0 
VX from QP: 6.29668 6.29696 6.29725 6.29754 6.29783 6.29812 6.29841 6.2987 6.29899 6.29928 6.29957 6.29985 6.30014 6.30043 6.30072 6.301 
VY from QP: 0 0 0 0 0 0 0 0 0 0 0 0 0 0 0 0 
0,5,5300,car, x: 13.6647, y: 0, vx: 6.37806, vy: 0, psi_rad: 0,4.67,1.74
The formal decision is: 00001 namely is: 1
Final decision is: 
The corresponding cost is: 22.983
The cost of the formal decision is: -23333
Path: -1 -1 -1 0 0 
Total cost: 22.983
V from As: 6.37806 6.04473 5.7114 5.37806 5.04473 4.7114 4.37806 4.04473 3.7114 3.37806 3.37806 3.37806 3.37806 3.37806 3.37806 3.37806
S from Astar: 0 2.07047 4.02982 5.87806 7.61519 9.24121 10.7561 12.1599 13.4526 14.6342 15.7602 16.8862 18.0122 19.1383 20.2643 21.3903 
X from Astar: 13.6647 15.7352 17.6945 19.5428 21.2799 22.9059 24.4209 25.8246 27.1173 28.2989 29.4249 30.551 31.677 32.803 33.929 35.055 
Y from Astar: 0 0 0 0 0 0 0 0 0 0 0 0 0 0 0 0 
0
X from QP: 13.6647 15.7355 17.7143 19.5795 21.3217 22.9409 24.444 25.843 27.1529 28.3898 29.5692 30.7046 31.8068 32.8835 33.9386 34.9735 
Y from QP: 0 0 0 0 0 0 0 0 0 0 0 0 0 0 0 0 
VX from QP: 6.37806 6.37768 6.3773 6.37691 6.37653 6.37615 6.37577 6.37538 6.375 6.37462 6.37424 6.37386 6.37348 6.37309 6.37271 6.37233 
VY from QP: 0 0 0 0 0 0 0 0 0 0 0 0 0 0 0 0 
Now x by QP is: 14.297
Now y by QP is: 0
Now vx by QP is: 6.2701
Now vy by QP is: 0
1
X from QP: 13.6647 15.739 17.7219 19.5903 21.3343 22.9536 24.4555 25.8525 27.1599 28.3942 29.5714 30.705 31.8059 32.8819 33.937 34.9725 
Y from QP: 0 0 0 0 0 0 0 0 0 0 0 0 0 0 0 0 
VX from QP: 6.37806 6.37771 6.37736 6.37701 6.37667 6.37632 6.37597 6.37562 6.37527 6.37492 6.37457 6.37423 6.37388 6.37353 6.37318 6.37283 
VY from QP: 0 0 0 0 0 0 0 0 0 0 0 0 0 0 0 0 
0,5,5400,car, x: 14.297, y: 0, vx: 6.2701, vy: 0, psi_rad: 0,4.67,1.74
The formal decision is:  namely is: 0
Final decision is: 
The corresponding cost is: 21.606
The cost of the formal decision is: 21.606
Path: -1 -1 0 0 0 
Total cost: 21.606
V from As: 6.2701 5.93677 5.60344 5.2701 4.93677 4.60344 4.2701 4.2701 4.2701 4.2701 4.2701 4.2701 4.2701 4.2701 4.2701 4.2701
S from Astar: 0 2.03448 3.95785 5.7701 7.47125 9.06128 10.5402 11.9636 13.3869 14.8103 16.2337 17.657 19.0804 20.5038 21.9272 23.3505 
X from Astar: 14.297 16.3315 18.2549 20.0671 21.7683 23.3583 24.8372 26.2606 27.684 29.1073 30.5307 31.9541 33.3774 34.8008 36.2242 37.6475 
Y from Astar: 0 0 0 0 0 0 0 0 0 0 0 0 0 0 0 0 
0
X from QP: 14.297 16.3293 18.2692 20.101 21.8231 23.4443 24.9803 26.45 27.8726 29.2657 30.6444 32.0193 33.3979 34.7845 36.1813 37.589 
Y from QP: 0 0 0 0 0 0 0 0 0 0 0 0 0 0 0 0 
VX from QP: 6.2701 6.2697 6.26929 6.26889 6.26848 6.26807 6.26767 6.26726 6.26686 6.26645 6.26605 6.26564 6.26524 6.26483 6.26443 6.26403 
VY from QP: 0 0 0 0 0 0 0 0 0 0 0 0 0 0 0 0 
Now x by QP is: 14.9182
Now y by QP is: 0
Now vx by QP is: 6.15622
Now vy by QP is: 0
1
X from QP: 14.297 16.3247 18.2592 20.0866 21.8065 23.4275 24.9651 26.4375 27.8634 29.2598 30.6414 32.0188 33.3991 34.7866 36.1834 37.5902 
Y from QP: 0 0 0 0 0 0 0 0 0 0 0 0 0 0 0 0 
VX from QP: 6.2701 6.26965 6.2692 6.26875 6.2683 6.26785 6.2674 6.26695 6.2665 6.26605 6.2656 6.26515 6.26471 6.26426 6.26381 6.26336 
VY from QP: 0 0 0 0 0 0 0 0 0 0 0 0 0 0 0 0 
0,5,5500,car, x: 14.9182, y: 0, vx: 6.15622, vy: 0, psi_rad: 0,4.67,1.74
The formal decision is:  namely is: 0
Final decision is: 
The corresponding cost is: 19.9967
The cost of the formal decision is: 19.9967
Path: -1 -1 0 0 0 
Total cost: 19.9967
V from As: 6.15622 5.82289 5.48955 5.15622 4.82289 4.48955 4.15622 4.15622 4.15622 4.15622 4.15622 4.15622 4.15622 4.15622 4.15622 4.15622
S from Astar: 0 1.99652 3.88192 5.65622 7.3194 8.87148 10.3124 11.6978 13.0833 14.4687 15.8541 17.2395 18.6249 20.0103 21.3957 22.7811 
X from Astar: 14.9182 16.9147 18.8001 20.5744 22.2376 23.7897 25.2306 26.616 28.0015 29.3869 30.7723 32.1577 33.5431 34.9285 36.3139 37.6993 
Y from Astar: 0 0 0 0 0 0 0 0 0 0 0 0 0 0 0 0 
0
X from QP: 14.9182 16.9125 18.8145 20.6083 22.2924 23.8757 25.3737 26.8055 28.1901 29.5453 30.8859 32.2229 33.5635 34.9122 36.2711 37.6407 
Y from QP: 0 0 0 0 0 0 0 0 0 0 0 0 0 0 0 0 
VX from QP: 6.15622 6.15581 6.15541 6.155 6.1546 6.15419 6.15378 6.15338 6.15297 6.15257 6.15216 6.15176 6.15135 6.15095 6.15055 6.15014 
VY from QP: 0 0 0 0 0 0 0 0 0 0 0 0 0 0 0 0 
Now x by QP is: 15.528
Now y by QP is: 0
Now vx by QP is: 6.04234
Now vy by QP is: 0
1
X from QP: 14.9182 16.9069 18.8023 20.5909 22.2722 23.8553 25.3552 26.7903 28.1789 29.5381 30.8824 32.2223 33.565 34.9147 36.2736 37.6423 
Y from QP: 0 0 0 0 0 0 0 0 0 0 0 0 0 0 0 0 
VX from QP: 6.15622 6.15576 6.1553 6.15484 6.15438 6.15392 6.15346 6.153 6.15254 6.15208 6.15162 6.15117 6.15071 6.15025 6.14979 6.14934 
VY from QP: 0 0 0 0 0 0 0 0 0 0 0 0 0 0 0 0 
0,5,5600,car, x: 15.528, y: 0, vx: 6.04234, vy: 0, psi_rad: 0,4.67,1.74
The formal decision is:  namely is: 0
Final decision is: 
The corresponding cost is: 18.517
The cost of the formal decision is: 18.517
Path: -1 -1 0 0 0 
Total cost: 18.517
V from As: 6.04234 5.709 5.37567 5.04234 4.709 4.37567 4.04234 4.04234 4.04234 4.04234 4.04234 4.04234 4.04234 4.04234 4.04234 4.04234
S from Astar: 0 1.95856 3.806 5.54234 7.16756 8.68167 10.0847 11.4321 12.7796 14.127 15.4745 16.8219 18.1693 19.5168 20.8642 22.2117 
X from Astar: 15.528 17.4865 19.334 21.0703 22.6956 24.2097 25.6127 26.9601 28.3076 29.655 31.0024 32.3499 33.6973 35.0448 36.3922 37.7397 
Y from Astar: 0 0 0 0 0 0 0 0 0 0 0 0 0 0 0 0 
0
X from QP: 15.528 17.4843 19.3483 21.1042 22.7503 24.2957 25.7557 27.1496 28.4962 29.8134 31.1161 32.4151 33.7178 35.0285 36.3494 37.6811 
Y from QP: 0 0 0 0 0 0 0 0 0 0 0 0 0 0 0 0 
VX from QP: 6.04234 6.04193 6.04152 6.04112 6.04071 6.04031 6.0399 6.03949 6.03909 6.03868 6.03828 6.03787 6.03747 6.03707 6.03666 6.03626 
VY from QP: 0 0 0 0 0 0 0 0 0 0 0 0 0 0 0 0 
Now x by QP is: 16.1264
Now y by QP is: 0
Now vx by QP is: 5.92845
Now vy by QP is: 0
1
X from QP: 15.528 17.4787 19.336 21.0865 22.7298 24.2749 25.7369 27.1341 28.4848 29.8061 31.1125 32.4145 33.7192 35.031 36.352 37.6827 
Y from QP: 0 0 0 0 0 0 0 0 0 0 0 0 0 0 0 0 
VX from QP: 6.04234 6.04187 6.04141 6.04095 6.04049 6.04003 6.03957 6.03911 6.03865 6.03819 6.03773 6.03727 6.03681 6.03635 6.0359 6.03544 
VY from QP: 0 0 0 0 0 0 0 0 0 0 0 0 0 0 0 0 
0,5,5700,car, x: 16.1264, y: 0, vx: 5.92845, vy: 0, psi_rad: 0,4.67,1.74
The formal decision is:  namely is: 0
Final decision is: 
The corresponding cost is: 17.167
The cost of the formal decision is: 17.167
Path: -1 -1 0 0 0 
Total cost: 17.167
V from As: 5.92845 5.59512 5.26179 4.92845 4.59512 4.26179 3.92845 3.92845 3.92845 3.92845 3.92845 3.92845 3.92845 3.92845 3.92845 3.92845
S from Astar: 0 1.9206 3.73008 5.42845 7.01571 8.49186 9.8569 11.1664 12.4759 13.7854 15.0948 16.4043 17.7138 19.0233 20.3328 21.6423 
X from Astar: 16.1264 18.047 19.8565 21.5548 23.1421 24.6183 25.9833 27.2928 28.6023 29.9118 31.2212 32.5307 33.8402 35.1497 36.4592 37.7687 
Y from Astar: 0 0 0 0 0 0 0 0 0 0 0 0 0 0 0 0 
0
X from QP: 16.1264 18.0448 19.8708 21.5887 23.1969 24.7043 26.1264 27.4822 28.7909 30.0701 31.3349 32.596 33.8607 35.1334 36.4163 37.7101 
Y from QP: 0 0 0 0 0 0 0 0 0 0 0 0 0 0 0 0 
VX from QP: 5.92845 5.92805 5.92764 5.92723 5.92683 5.92642 5.92602 5.92561 5.92521 5.9248 5.9244 5.92399 5.92359 5.92318 5.92278 5.92237 
VY from QP: 0 0 0 0 0 0 0 0 0 0 0 0 0 0 0 0 
Now x by QP is: 16.7134
Now y by QP is: 0
Now vx by QP is: 5.81457
Now vy by QP is: 0
1
X from QP: 16.1264 18.0391 19.8584 21.571 23.1764 24.6835 26.1076 27.4668 28.7795 30.0628 31.3313 32.5953 33.8621 35.1359 36.4189 37.7116 
Y from QP: 0 0 0 0 0 0 0 0 0 0 0 0 0 0 0 0 
VX from QP: 5.92845 5.92799 5.92753 5.92707 5.92661 5.92615 5.92569 5.92523 5.92477 5.92431 5.92385 5.92339 5.92293 5.92247 5.92201 5.92155 
VY from QP: 0 0 0 0 0 0 0 0 0 0 0 0 0 0 0 0 
0,5,5800,car, x: 16.7134, y: 0, vx: 5.81457, vy: 0, psi_rad: 0,4.67,1.74
The formal decision is:  namely is: 0
Final decision is: 
The corresponding cost is: 15.9467
The cost of the formal decision is: 15.9467
Path: -1 -1 0 0 0 
Total cost: 15.9467
V from As: 5.81457 5.48123 5.1479 4.81457 4.48123 4.1479 3.81457 3.81457 3.81457 3.81457 3.81457 3.81457 3.81457 3.81457 3.81457 3.81457
S from Astar: 0 1.88263 3.65416 5.31457 6.86387 8.30206 9.62914 10.9007 12.1722 13.4437 14.7152 15.9867 17.2583 18.5298 19.8013 21.0728 
X from Astar: 16.7134 18.596 20.3676 22.028 23.5773 25.0155 26.3425 27.6141 28.8856 30.1571 31.4286 32.7002 33.9717 35.2432 36.5147 37.7863 
Y from Astar: 0 0 0 0 0 0 0 0 0 0 0 0 0 0 0 0 
0
X from QP: 16.7134 18.5938 20.3819 22.0618 23.6321 25.1015 26.4856 27.8035 29.0742 30.3155 31.5423 32.7654 33.9922 35.2269 36.4719 37.7277 
Y from QP: 0 0 0 0 0 0 0 0 0 0 0 0 0 0 0 0 
VX from QP: 5.81457 5.81416 5.81375 5.81335 5.81294 5.81254 5.81213 5.81173 5.81132 5.81092 5.81051 5.81011 5.8097 5.8093 5.80889 5.80849 
VY from QP: 0 0 0 0 0 0 0 0 0 0 0 0 0 0 0 0 
Now x by QP is: 17.289
Now y by QP is: 0
Now vx by QP is: 5.70068
Now vy by QP is: 0
1
X from QP: 16.7134 18.5882 20.3695 22.0441 23.6115 25.0807 26.4668 27.788 29.0628 30.3082 31.5387 32.7648 33.9936 35.2295 36.4745 37.7292 
Y from QP: 0 0 0 0 0 0 0 0 0 0 0 0 0 0 0 0 
VX from QP: 5.81457 5.81411 5.81364 5.81318 5.81272 5.81226 5.8118 5.81134 5.81088 5.81042 5.80996 5.8095 5.80904 5.80859 5.80813 5.80767 
VY from QP: 0 0 0 0 0 0 0 0 0 0 0 0 0 0 0 0 
0,5,5900,car, x: 17.289, y: 0, vx: 5.70068, vy: 0, psi_rad: 0,4.67,1.74
The formal decision is:  namely is: 0
Final decision is: 
The corresponding cost is: 14.8562
The cost of the formal decision is: 14.8562
Path: -1 -1 0 0 0 
Total cost: 14.8562
V from As: 5.70068 5.36735 5.03402 4.70068 4.36735 4.03402 3.70068 3.70068 3.70068 3.70068 3.70068 3.70068 3.70068 3.70068 3.70068 3.70068
S from Astar: 0 1.84467 3.57823 5.20068 6.71202 8.11225 9.40137 10.6349 11.8685 13.1021 14.3356 15.5692 16.8027 18.0363 19.2699 20.5034 
X from Astar: 17.289 19.1337 20.8673 22.4897 24.0011 25.4013 26.6904 27.924 29.1575 30.3911 31.6247 32.8582 34.0918 35.3253 36.5589 37.7925 
Y from Astar: 0 0 0 0 0 0 0 0 0 0 0 0 0 0 0 0 
0
X from QP: 17.289 19.1315 20.8816 22.5236 24.0559 25.4873 26.8335 28.1134 29.3462 30.5495 31.7383 32.9235 34.1122 35.3091 36.5161 37.7339 
Y from QP: 0 0 0 0 0 0 0 0 0 0 0 0 0 0 0 0 
VX from QP: 5.70068 5.70028 5.69987 5.69946 5.69906 5.69865 5.69825 5.69784 5.69744 5.69703 5.69663 5.69622 5.69582 5.69541 5.69501 5.69461 
VY from QP: 0 0 0 0 0 0 0 0 0 0 0 0 0 0 0 0 
Now x by QP is: 17.8533
Now y by QP is: 0
Now vx by QP is: 5.5868
Now vy by QP is: 0
1
X from QP: 17.289 19.1258 20.8692 22.5059 24.0353 25.4665 26.8147 28.0979 29.3348 30.5422 31.7347 32.9228 34.1137 35.3116 36.5186 37.7354 
Y from QP: 0 0 0 0 0 0 0 0 0 0 0 0 0 0 0 0 
VX from QP: 5.70068 5.70022 5.69976 5.6993 5.69884 5.69838 5.69792 5.69746 5.697 5.69654 5.69608 5.69562 5.69516 5.6947 5.69424 5.69378 
VY from QP: 0 0 0 0 0 0 0 0 0 0 0 0 0 0 0 0 
0,6,6000,car, x: 17.8533, y: 0, vx: 5.5868, vy: 0, psi_rad: 0,4.67,1.74
The formal decision is:  namely is: 0
Final decision is: 
The corresponding cost is: 13.8953
The cost of the formal decision is: 13.8953
Path: -1 -1 0 0 0 
Total cost: 13.8953
V from As: 5.5868 5.25347 4.92013 4.5868 4.25347 3.92013 3.5868 3.5868 3.5868 3.5868 3.5868 3.5868 3.5868 3.5868 3.5868 3.5868
S from Astar: 0 1.80671 3.50231 5.0868 6.56018 7.92244 9.1736 10.3692 11.5648 12.7604 13.956 15.1516 16.3472 17.5428 18.7384 19.934 
X from Astar: 17.8533 19.66 21.3556 22.9401 24.4135 25.7757 27.0269 28.2225 29.4181 30.6137 31.8093 33.0049 34.2005 35.3961 36.5917 37.7873 
Y from Astar: 0 0 0 0 0 0 0 0 0 0 0 0 0 0 0 0 
0
X from QP: 17.8533 19.6578 21.3699 22.9739 24.4682 25.8617 27.1699 28.4119 29.6067 30.7721 31.9229 33.0701 34.2209 35.3798 36.5489 37.7287 
Y from QP: 0 0 0 0 0 0 0 0 0 0 0 0 0 0 0 0 
VX from QP: 5.5868 5.58639 5.58599 5.58558 5.58517 5.58477 5.58436 5.58396 5.58355 5.58315 5.58274 5.58234 5.58193 5.58153 5.58113 5.58072 
VY from QP: 0 0 0 0 0 0 0 0 0 0 0 0 0 0 0 0 
Now x by QP is: 18.4061
Now y by QP is: 0
Now vx by QP is: 5.47292
Now vy by QP is: 0
1
X from QP: 17.8533 19.6521 21.3575 22.9562 24.4477 25.841 27.1511 28.3965 29.5953 30.7648 31.9193 33.0695 34.2224 35.3823 36.5514 37.7303 
Y from QP: 0 0 0 0 0 0 0 0 0 0 0 0 0 0 0 0 
VX from QP: 5.5868 5.58634 5.58588 5.58542 5.58495 5.58449 5.58403 5.58357 5.58311 5.58265 5.58219 5.58173 5.58128 5.58082 5.58036 5.5799 
VY from QP: 0 0 0 0 0 0 0 0 0 0 0 0 0 0 0 0 
0,6,6100,car, x: 18.4061, y: 0, vx: 5.47292, vy: 0, psi_rad: 0,4.67,1.74
The formal decision is:  namely is: 0
Final decision is: 
The corresponding cost is: 13.0641
The cost of the formal decision is: 13.0641
Path: -1 -1 0 0 0 
Total cost: 13.0641
V from As: 5.47292 5.13958 4.80625 4.47292 4.13958 3.80625 3.47292 3.47292 3.47292 3.47292 3.47292 3.47292 3.47292 3.47292 3.47292 3.47292
S from Astar: 0 1.76875 3.42639 4.97292 6.40833 7.73264 8.94583 10.1035 11.2611 12.4187 13.5764 14.734 15.8917 17.0493 18.2069 19.3646 
X from Astar: 18.4061 20.1749 21.8325 23.379 24.8145 26.1388 27.352 28.5096 29.6672 30.8249 31.9825 33.1402 34.2978 35.4554 36.6131 37.7707 
Y from Astar: 0 0 0 0 0 0 0 0 0 0 0 0 0 0 0 0 
0
X from QP: 18.4061 20.1727 21.8469 23.4129 24.8693 26.2248 27.495 28.6991 29.8559 30.9833 32.0962 33.2054 34.3183 35.4392 36.5702 37.7121 
Y from QP: 0 0 0 0 0 0 0 0 0 0 0 0 0 0 0 0 
VX from QP: 5.47292 5.47251 5.4721 5.4717 5.47129 5.47088 5.47048 5.47007 5.46967 5.46926 5.46886 5.46845 5.46805 5.46765 5.46724 5.46684 
VY from QP: 0 0 0 0 0 0 0 0 0 0 0 0 0 0 0 0 
Now x by QP is: 18.9476
Now y by QP is: 0
Now vx by QP is: 5.35903
Now vy by QP is: 0
1
X from QP: 18.4061 20.167 21.8345 23.3952 24.8487 26.204 27.4762 28.6836 29.8445 30.976 32.0926 33.2048 34.3197 35.4417 36.5728 37.7137 
Y from QP: 0 0 0 0 0 0 0 0 0 0 0 0 0 0 0 0 
VX from QP: 5.47292 5.47245 5.47199 5.47153 5.47107 5.47061 5.47015 5.46969 5.46923 5.46877 5.46831 5.46785 5.46739 5.46693 5.46647 5.46602 
VY from QP: 0 0 0 0 0 0 0 0 0 0 0 0 0 0 0 0 
0,6,6200,car, x: 18.9476, y: 0, vx: 5.35903, vy: 0, psi_rad: 0,4.67,1.74
The formal decision is:  namely is: 0
Final decision is: 
The corresponding cost is: 12.3626
The cost of the formal decision is: 12.3626
Path: -1 -1 0 0 0 
Total cost: 12.3626
V from As: 5.35903 5.0257 4.69236 4.35903 4.0257 3.69236 3.35903 3.35903 3.35903 3.35903 3.35903 3.35903 3.35903 3.35903 3.35903 3.35903
S from Astar: 0 1.73079 3.35047 4.85903 6.25649 7.54283 8.71806 9.83774 10.9574 12.0771 13.1968 14.3164 15.4361 16.5558 17.6755 18.7952 
X from Astar: 18.9476 20.6784 22.2981 23.8066 25.2041 26.4904 27.6657 28.7853 29.905 31.0247 32.1444 33.264 34.3837 35.5034 36.6231 37.7428 
Y from Astar: 0 0 0 0 0 0 0 0 0 0 0 0 0 0 0 0 
0
X from QP: 18.9476 20.6762 22.3124 23.8405 25.2589 26.5764 27.8087 28.9748 30.0937 31.1831 32.258 33.3293 34.4042 35.4871 36.5802 37.6842 
Y from QP: 0 0 0 0 0 0 0 0 0 0 0 0 0 0 0 0 
VX from QP: 5.35903 5.35862 5.35822 5.35781 5.35741 5.357 5.35659 5.35619 5.35578 5.35538 5.35497 5.35457 5.35417 5.35376 5.35336 5.35295 
VY from QP: 0 0 0 0 0 0 0 0 0 0 0 0 0 0 0 0 
Now x by QP is: 19.4777
Now y by QP is: 0
Now vx by QP is: 5.24515
Now vy by QP is: 0
1
X from QP: 18.9476 20.6705 22.3 23.8228 25.2383 26.5557 27.7899 28.9593 30.0822 31.1758 32.2544 33.3287 34.4056 35.4896 36.5828 37.6857 
Y from QP: 0 0 0 0 0 0 0 0 0 0 0 0 0 0 0 0 
VX from QP: 5.35903 5.35857 5.35811 5.35765 5.35719 5.35673 5.35626 5.3558 5.35534 5.35489 5.35443 5.35397 5.35351 5.35305 5.35259 5.35213 
VY from QP: 0 0 0 0 0 0 0 0 0 0 0 0 0 0 0 0 
0,6,6300,car, x: 19.4777, y: 0, vx: 5.24515, vy: 0, psi_rad: 0,4.67,1.74
The formal decision is:  namely is: 0
Final decision is: 
The corresponding cost is: 11.7908
The cost of the formal decision is: 11.7908
Path: -1 -1 0 0 0 
Total cost: 11.7908
V from As: 5.24515 4.91181 4.57848 4.24515 3.91181 3.57848 3.24515 3.24515 3.24515 3.24515 3.24515 3.24515 3.24515 3.24515 3.24515 3.24515
S from Astar: 0 1.69283 3.27454 4.74515 6.10464 7.35302 8.49029 9.57201 10.6537 11.7354 12.8172 13.8989 14.9806 16.0623 17.144 18.2257 
X from Astar: 19.4777 21.1705 22.7522 24.2228 25.5823 26.8307 27.968 29.0497 30.1314 31.2131 32.2948 33.3765 34.4583 35.54 36.6217 37.7034 
Y from Astar: 0 0 0 0 0 0 0 0 0 0 0 0 0 0 0 0 
0
X from QP: 19.4777 21.1683 22.7666 24.2567 25.6371 26.9167 28.111 29.2391 30.32 31.3715 32.4085 33.4418 34.4787 35.5237 36.5789 37.6448 
Y from QP: 0 0 0 0 0 0 0 0 0 0 0 0 0 0 0 0 
VX from QP: 5.24515 5.24474 5.24433 5.24393 5.24352 5.24312 5.24271 5.24231 5.2419 5.2415 5.24109 5.24069 5.24028 5.23988 5.23947 5.23907 
VY from QP: 0 0 0 0 0 0 0 0 0 0 0 0 0 0 0 0 
Now x by QP is: 19.9964
Now y by QP is: 0
Now vx by QP is: 5.13126
Now vy by QP is: 0
1
X from QP: 19.4777 21.1626 22.7541 24.2389 25.6166 26.8959 28.0922 29.2237 30.3086 31.3642 32.4049 33.4412 34.4802 35.5262 36.5814 37.6464 
Y from QP: 0 0 0 0 0 0 0 0 0 0 0 0 0 0 0 0 
VX from QP: 5.24515 5.24469 5.24422 5.24376 5.2433 5.24284 5.24238 5.24192 5.24146 5.241 5.24054 5.24008 5.23962 5.23916 5.23871 5.23825 
VY from QP: 0 0 0 0 0 0 0 0 0 0 0 0 0 0 0 0 
0,6,6400,car, x: 19.9964, y: 0, vx: 5.13126, vy: 0, psi_rad: 0,4.67,1.74
The formal decision is:  namely is: 0
Final decision is: 
The corresponding cost is: 11.3487
The cost of the formal decision is: 11.3487
Path: -1 -1 0 0 0 
Total cost: 11.3487
V from As: 5.13126 4.79793 4.4646 4.13126 3.79793 3.4646 3.13126 3.13126 3.13126 3.13126 3.13126 3.13126 3.13126 3.13126 3.13126 3.13126
S from Astar: 0 1.65487 3.19862 4.63126 5.95279 7.16322 8.26253 9.30628 10.35 11.3938 12.4375 13.4813 14.5251 15.5688 16.6126 17.6563 
X from Astar: 19.9964 21.6512 23.195 24.6276 25.9491 27.1596 28.2589 29.3026 30.3464 31.3901 32.4339 33.4777 34.5214 35.5652 36.6089 37.6527 
Y from Astar: 0 0 0 0 0 0 0 0 0 0 0 0 0 0 0 0 
0
X from QP: 19.9964 21.649 23.2093 24.6615 26.0039 27.2456 28.4019 29.4921 30.535 31.5485 32.5475 33.5429 34.5419 35.5489 36.5661 37.5941 
Y from QP: 0 0 0 0 0 0 0 0 0 0 0 0 0 0 0 0 
VX from QP: 5.13126 5.13086 5.13045 5.13004 5.12964 5.12923 5.12883 5.12842 5.12802 5.12761 5.12721 5.1268 5.1264 5.12599 5.12559 5.12518 
VY from QP: 0 0 0 0 0 0 0 0 0 0 0 0 0 0 0 0 
Now x by QP is: 20.5037
Now y by QP is: 0
Now vx by QP is: 5.01738
Now vy by QP is: 0
1
X from QP: 19.9964 21.6433 23.1969 24.6437 25.9834 27.2248 28.3831 29.4766 30.5236 31.5412 32.544 33.5423 34.5433 35.5514 36.5686 37.5957 
Y from QP: 0 0 0 0 0 0 0 0 0 0 0 0 0 0 0 0 
VX from QP: 5.13126 5.1308 5.13034 5.12988 5.12942 5.12896 5.1285 5.12804 5.12758 5.12712 5.12666 5.1262 5.12574 5.12528 5.12482 5.12436 
VY from QP: 0 0 0 0 0 0 0 0 0 0 0 0 0 0 0 0 
0,6,6500,car, x: 20.5037, y: 0, vx: 5.01738, vy: 0, psi_rad: 0,4.67,1.74
