0,0,0,car, x: -10, y: 0, vx: 2, vy: 0, psi_rad: 0,4.67,1.74
The formal decision is: 00000 namely is: 0
Final decision is: 
The corresponding cost is: 5
The cost of the formal decision is: 5
Path: 0 0 0 0 0 
Total cost: 5
V from As: 2 2 2 2 2 2 2 2 2 2 2 2 2 2 2 2
S from Astar: 0 0.666667 1.33333 2 2.66667 3.33333 4 4.66667 5.33333 6 6.66667 7.33333 8 8.66667 9.33333 10 
X from Astar: -10 -9.33333 -8.66667 -8 -7.33333 -6.66667 -6 -5.33333 -4.66667 -4 -3.33333 -2.66667 -2 -1.33333 -0.666667 1.67759e-10 
Y from Astar: 0 0 0 0 0 0 0 0 0 0 0 0 0 0 0 0 
0
X from QP: -10 -9.33333 -8.66667 -8 -7.33333 -6.66667 -6 -5.33333 -4.66667 -4 -3.33333 -2.66667 -2 -1.33333 -0.666667 1.69108e-10 
Y from QP: 0 0 0 0 0 0 0 0 0 0 0 0 0 0 0 0 
VX from QP: 2 2 2 2 2 2 2 2 2 2 2 2 2 2 2 2 
VY from QP: 0 0 0 0 0 0 0 0 0 0 0 0 0 0 0 0 
1
X from QP: -10 -9.33333 -8.66667 -8 -7.33333 -6.66667 -6 -5.33333 -4.66667 -4 -3.33333 -2.66667 -2 -1.33333 -0.666667 1.69108e-10 
Y from QP: 0 0 0 0 0 0 0 0 0 0 0 0 0 0 0 0 
VX from QP: 2 2 2 2 2 2 2 2 2 2 2 2 2 2 2 2 
VY from QP: 0 0 0 0 0 0 0 0 0 0 0 0 0 0 0 0 
Now x by QP is: -9.8
Now y by QP is: 0
Now vx by QP is: 2
Now vy by QP is: 0
0,0,100,car, x: -9.8, y: 0, vx: 2, vy: 0, psi_rad: 0,4.67,1.74
The formal decision is:  namely is: 0
Final decision is: 
The corresponding cost is: 5
The cost of the formal decision is: 5
Path: 0 0 0 0 0 
Total cost: 5
V from As: 2 2 2 2 2 2 2 2 2 2 2 2 2 2 2 2
S from Astar: 0 0.666667 1.33333 2 2.66667 3.33333 4 4.66667 5.33333 6 6.66667 7.33333 8 8.66667 9.33333 10 
X from Astar: -9.8 -9.13333 -8.46667 -7.8 -7.13333 -6.46667 -5.8 -5.13333 -4.46667 -3.8 -3.13333 -2.46667 -1.8 -1.13333 -0.466667 0.2 
Y from Astar: 0 0 0 0 0 0 0 0 0 0 0 0 0 0 0 0 
0
X from QP: -9.8 -9.13333 -8.46667 -7.8 -7.13333 -6.46667 -5.8 -5.13333 -4.46667 -3.8 -3.13333 -2.46667 -1.8 -1.13333 -0.466667 0.2 
Y from QP: 0 0 0 0 0 0 0 0 0 0 0 0 0 0 0 0 
VX from QP: 2 2 2 2 2 2 2 2 2 2 2 2 2 2 2 2 
VY from QP: 0 0 0 0 0 0 0 0 0 0 0 0 0 0 0 0 
1
X from QP: -9.8 -9.13333 -8.46667 -7.8 -7.13333 -6.46667 -5.8 -5.13333 -4.46667 -3.8 -3.13333 -2.46667 -1.8 -1.13333 -0.466667 0.2 
Y from QP: 0 0 0 0 0 0 0 0 0 0 0 0 0 0 0 0 
VX from QP: 2 2 2 2 2 2 2 2 2 2 2 2 2 2 2 2 
VY from QP: 0 0 0 0 0 0 0 0 0 0 0 0 0 0 0 0 
Now x by QP is: -9.6
Now y by QP is: 0
Now vx by QP is: 2
Now vy by QP is: 0
0,0,200,car, x: -9.6, y: 0, vx: 2, vy: 0, psi_rad: 0,4.67,1.74
The formal decision is:  namely is: 0
Final decision is: 
The corresponding cost is: 5
The cost of the formal decision is: 5
Path: 0 0 0 0 0 
Total cost: 5
V from As: 2 2 2 2 2 2 2 2 2 2 2 2 2 2 2 2
S from Astar: 0 0.666667 1.33333 2 2.66667 3.33333 4 4.66667 5.33333 6 6.66667 7.33333 8 8.66667 9.33333 10 
X from Astar: -9.6 -8.93333 -8.26667 -7.6 -6.93333 -6.26667 -5.6 -4.93333 -4.26667 -3.6 -2.93333 -2.26667 -1.6 -0.933333 -0.266667 0.4 
Y from Astar: 0 0 0 0 0 0 0 0 0 0 0 0 0 0 0 0 
0
X from QP: -9.6 -8.93333 -8.26667 -7.6 -6.93333 -6.26667 -5.6 -4.93333 -4.26667 -3.6 -2.93333 -2.26667 -1.6 -0.933333 -0.266667 0.4 
Y from QP: 0 0 0 0 0 0 0 0 0 0 0 0 0 0 0 0 
VX from QP: 2 2 2 2 2 2 2 2 2 2 2 2 2 2 2 2 
VY from QP: 0 0 0 0 0 0 0 0 0 0 0 0 0 0 0 0 
1
X from QP: -9.6 -8.93333 -8.26667 -7.6 -6.93333 -6.26667 -5.6 -4.93333 -4.26667 -3.6 -2.93333 -2.26667 -1.6 -0.933333 -0.266667 0.4 
Y from QP: 0 0 0 0 0 0 0 0 0 0 0 0 0 0 0 0 
VX from QP: 2 2 2 2 2 2 2 2 2 2 2 2 2 2 2 2 
VY from QP: 0 0 0 0 0 0 0 0 0 0 0 0 0 0 0 0 
Now x by QP is: -9.4
Now y by QP is: 0
Now vx by QP is: 2
Now vy by QP is: 0
0,0,300,car, x: -9.4, y: 0, vx: 2, vy: 0, psi_rad: 0,4.67,1.74
The formal decision is:  namely is: 0
Final decision is: 
The corresponding cost is: 5
The cost of the formal decision is: 5
Path: 0 0 0 0 0 
Total cost: 5
V from As: 2 2 2 2 2 2 2 2 2 2 2 2 2 2 2 2
S from Astar: 0 0.666667 1.33333 2 2.66667 3.33333 4 4.66667 5.33333 6 6.66667 7.33333 8 8.66667 9.33333 10 
X from Astar: -9.4 -8.73333 -8.06667 -7.4 -6.73333 -6.06667 -5.4 -4.73333 -4.06667 -3.4 -2.73333 -2.06667 -1.4 -0.733333 -0.0666667 0.6 
Y from Astar: 0 0 0 0 0 0 0 0 0 0 0 0 0 0 0 0 
0
X from QP: -9.4 -8.73333 -8.06667 -7.4 -6.73333 -6.06667 -5.4 -4.73333 -4.06667 -3.4 -2.73333 -2.06667 -1.4 -0.733333 -0.0666667 0.6 
Y from QP: 0 0 0 0 0 0 0 0 0 0 0 0 0 0 0 0 
VX from QP: 2 2 2 2 2 2 2 2 2 2 2 2 2 2 2 2 
VY from QP: 0 0 0 0 0 0 0 0 0 0 0 0 0 0 0 0 
1
X from QP: -9.4 -8.73333 -8.06667 -7.4 -6.73333 -6.06667 -5.4 -4.73333 -4.06667 -3.4 -2.73333 -2.06667 -1.4 -0.733333 -0.0666667 0.6 
Y from QP: 0 0 0 0 0 0 0 0 0 0 0 0 0 0 0 0 
VX from QP: 2 2 2 2 2 2 2 2 2 2 2 2 2 2 2 2 
VY from QP: 0 0 0 0 0 0 0 0 0 0 0 0 0 0 0 0 
Now x by QP is: -9.2
Now y by QP is: 0
Now vx by QP is: 2
Now vy by QP is: 0
0,0,400,car, x: -9.2, y: 0, vx: 2, vy: 0, psi_rad: 0,4.67,1.74
The formal decision is:  namely is: 0
Final decision is: 
The corresponding cost is: 5
The cost of the formal decision is: 5
Path: 0 0 0 0 0 
Total cost: 5
V from As: 2 2 2 2 2 2 2 2 2 2 2 2 2 2 2 2
S from Astar: 0 0.666667 1.33333 2 2.66667 3.33333 4 4.66667 5.33333 6 6.66667 7.33333 8 8.66667 9.33333 10 
X from Astar: -9.2 -8.53333 -7.86667 -7.2 -6.53333 -5.86667 -5.2 -4.53333 -3.86667 -3.2 -2.53333 -1.86667 -1.2 -0.533333 0.133333 0.8 
Y from Astar: 0 0 0 0 0 0 0 0 0 0 0 0 0 0 0 0 
0
X from QP: -9.2 -8.53333 -7.86667 -7.2 -6.53333 -5.86667 -5.2 -4.53333 -3.86667 -3.2 -2.53333 -1.86667 -1.2 -0.533333 0.133333 0.8 
Y from QP: 0 0 0 0 0 0 0 0 0 0 0 0 0 0 0 0 
VX from QP: 2 2 2 2 2 2 2 2 2 2 2 2 2 2 2 2 
VY from QP: 0 0 0 0 0 0 0 0 0 0 0 0 0 0 0 0 
1
X from QP: -9.2 -8.53333 -7.86667 -7.2 -6.53333 -5.86667 -5.2 -4.53333 -3.86667 -3.2 -2.53333 -1.86667 -1.2 -0.533333 0.133333 0.8 
Y from QP: 0 0 0 0 0 0 0 0 0 0 0 0 0 0 0 0 
VX from QP: 2 2 2 2 2 2 2 2 2 2 2 2 2 2 2 2 
VY from QP: 0 0 0 0 0 0 0 0 0 0 0 0 0 0 0 0 
Now x by QP is: -9
Now y by QP is: 0
Now vx by QP is: 2
Now vy by QP is: 0
0,0,500,car, x: -9, y: 0, vx: 2, vy: 0, psi_rad: 0,4.67,1.74
The formal decision is:  namely is: 0
Final decision is: 
The corresponding cost is: 5
The cost of the formal decision is: 5
Path: 0 0 0 0 0 
Total cost: 5
V from As: 2 2 2 2 2 2 2 2 2 2 2 2 2 2 2 2
S from Astar: 0 0.666667 1.33333 2 2.66667 3.33333 4 4.66667 5.33333 6 6.66667 7.33333 8 8.66667 9.33333 10 
X from Astar: -9 -8.33333 -7.66667 -7 -6.33333 -5.66667 -5 -4.33333 -3.66667 -3 -2.33333 -1.66667 -1 -0.333333 0.333333 1 
Y from Astar: 0 0 0 0 0 0 0 0 0 0 0 0 0 0 0 0 
0
X from QP: -9 -8.33333 -7.66667 -7 -6.33333 -5.66667 -5 -4.33333 -3.66667 -3 -2.33333 -1.66667 -1 -0.333333 0.333333 1 
Y from QP: 0 0 0 0 0 0 0 0 0 0 0 0 0 0 0 0 
VX from QP: 2 2 2 2 2 2 2 2 2 2 2 2 2 2 2 2 
VY from QP: 0 0 0 0 0 0 0 0 0 0 0 0 0 0 0 0 
1
X from QP: -9 -8.33333 -7.66667 -7 -6.33333 -5.66667 -5 -4.33333 -3.66667 -3 -2.33333 -1.66667 -1 -0.333333 0.333333 1 
Y from QP: 0 0 0 0 0 0 0 0 0 0 0 0 0 0 0 0 
VX from QP: 2 2 2 2 2 2 2 2 2 2 2 2 2 2 2 2 
VY from QP: 0 0 0 0 0 0 0 0 0 0 0 0 0 0 0 0 
Now x by QP is: -8.8
Now y by QP is: 0
Now vx by QP is: 2
Now vy by QP is: 0
0,0,600,car, x: -8.8, y: 0, vx: 2, vy: 0, psi_rad: 0,4.67,1.74
The formal decision is:  namely is: 0
Final decision is: 
The corresponding cost is: 5
The cost of the formal decision is: 5
Path: 0 0 0 0 0 
Total cost: 5
V from As: 2 2 2 2 2 2 2 2 2 2 2 2 2 2 2 2
S from Astar: 0 0.666667 1.33333 2 2.66667 3.33333 4 4.66667 5.33333 6 6.66667 7.33333 8 8.66667 9.33333 10 
X from Astar: -8.8 -8.13333 -7.46667 -6.8 -6.13333 -5.46667 -4.8 -4.13333 -3.46667 -2.8 -2.13333 -1.46667 -0.8 -0.133333 0.533333 1.2 
Y from Astar: 0 0 0 0 0 0 0 0 0 0 0 0 0 0 0 0 
0
X from QP: -8.8 -8.13333 -7.46667 -6.8 -6.13333 -5.46667 -4.8 -4.13333 -3.46667 -2.8 -2.13333 -1.46667 -0.8 -0.133333 0.533333 1.2 
Y from QP: 0 0 0 0 0 0 0 0 0 0 0 0 0 0 0 0 
VX from QP: 2 2 2 2 2 2 2 2 2 2 2 2 2 2 2 2 
VY from QP: 0 0 0 0 0 0 0 0 0 0 0 0 0 0 0 0 
1
X from QP: -8.8 -8.13333 -7.46667 -6.8 -6.13333 -5.46667 -4.8 -4.13333 -3.46667 -2.8 -2.13333 -1.46667 -0.8 -0.133333 0.533333 1.2 
Y from QP: 0 0 0 0 0 0 0 0 0 0 0 0 0 0 0 0 
VX from QP: 2 2 2 2 2 2 2 2 2 2 2 2 2 2 2 2 
VY from QP: 0 0 0 0 0 0 0 0 0 0 0 0 0 0 0 0 
Now x by QP is: -8.6
Now y by QP is: 0
Now vx by QP is: 2
Now vy by QP is: 0
0,0,700,car, x: -8.6, y: 0, vx: 2, vy: 0, psi_rad: 0,4.67,1.74
The formal decision is:  namely is: 0
Final decision is: 
The corresponding cost is: 5
The cost of the formal decision is: 5
Path: 0 0 0 0 0 
Total cost: 5
V from As: 2 2 2 2 2 2 2 2 2 2 2 2 2 2 2 2
S from Astar: 0 0.666667 1.33333 2 2.66667 3.33333 4 4.66667 5.33333 6 6.66667 7.33333 8 8.66667 9.33333 10 
X from Astar: -8.6 -7.93333 -7.26667 -6.6 -5.93333 -5.26667 -4.6 -3.93333 -3.26667 -2.6 -1.93333 -1.26667 -0.6 0.0666667 0.733333 1.4 
Y from Astar: 0 0 0 0 0 0 0 0 0 0 0 0 0 0 0 0 
0
X from QP: -8.6 -7.93333 -7.26667 -6.6 -5.93333 -5.26667 -4.6 -3.93333 -3.26667 -2.6 -1.93333 -1.26667 -0.6 0.0666667 0.733333 1.4 
Y from QP: 0 0 0 0 0 0 0 0 0 0 0 0 0 0 0 0 
VX from QP: 2 2 2 2 2 2 2 2 2 2 2 2 2 2 2 2 
VY from QP: 0 0 0 0 0 0 0 0 0 0 0 0 0 0 0 0 
1
X from QP: -8.6 -7.93333 -7.26667 -6.6 -5.93333 -5.26667 -4.6 -3.93333 -3.26667 -2.6 -1.93333 -1.26667 -0.6 0.0666667 0.733333 1.4 
Y from QP: 0 0 0 0 0 0 0 0 0 0 0 0 0 0 0 0 
VX from QP: 2 2 2 2 2 2 2 2 2 2 2 2 2 2 2 2 
VY from QP: 0 0 0 0 0 0 0 0 0 0 0 0 0 0 0 0 
Now x by QP is: -8.4
Now y by QP is: 0
Now vx by QP is: 2
Now vy by QP is: 0
0,0,800,car, x: -8.4, y: 0, vx: 2, vy: 0, psi_rad: 0,4.67,1.74
The formal decision is:  namely is: 0
Final decision is: 
The corresponding cost is: 5
The cost of the formal decision is: 5
Path: 0 0 0 0 0 
Total cost: 5
V from As: 2 2 2 2 2 2 2 2 2 2 2 2 2 2 2 2
S from Astar: 0 0.666667 1.33333 2 2.66667 3.33333 4 4.66667 5.33333 6 6.66667 7.33333 8 8.66667 9.33333 10 
X from Astar: -8.4 -7.73333 -7.06667 -6.4 -5.73333 -5.06667 -4.4 -3.73333 -3.06667 -2.4 -1.73333 -1.06667 -0.4 0.266667 0.933333 1.6 
Y from Astar: 0 0 0 0 0 0 0 0 0 0 0 0 0 0 0 0 
0
X from QP: -8.4 -7.73333 -7.06667 -6.4 -5.73333 -5.06667 -4.4 -3.73333 -3.06667 -2.4 -1.73333 -1.06667 -0.4 0.266667 0.933333 1.6 
Y from QP: 0 0 0 0 0 0 0 0 0 0 0 0 0 0 0 0 
VX from QP: 2 2 2 2 2 2 2 2 2 2 2 2 2 2 2 2 
VY from QP: 0 0 0 0 0 0 0 0 0 0 0 0 0 0 0 0 
1
X from QP: -8.4 -7.73333 -7.06667 -6.4 -5.73333 -5.06667 -4.4 -3.73333 -3.06667 -2.4 -1.73333 -1.06667 -0.4 0.266667 0.933333 1.6 
Y from QP: 0 0 0 0 0 0 0 0 0 0 0 0 0 0 0 0 
VX from QP: 2 2 2 2 2 2 2 2 2 2 2 2 2 2 2 2 
VY from QP: 0 0 0 0 0 0 0 0 0 0 0 0 0 0 0 0 
Now x by QP is: -8.2
Now y by QP is: 0
Now vx by QP is: 2
Now vy by QP is: 0
0,0,900,car, x: -8.2, y: 0, vx: 2, vy: 0, psi_rad: 0,4.67,1.74
The formal decision is:  namely is: 0
Final decision is: 
The corresponding cost is: 5
The cost of the formal decision is: 5
Path: 0 0 0 0 0 
Total cost: 5
V from As: 2 2 2 2 2 2 2 2 2 2 2 2 2 2 2 2
S from Astar: 0 0.666667 1.33333 2 2.66667 3.33333 4 4.66667 5.33333 6 6.66667 7.33333 8 8.66667 9.33333 10 
X from Astar: -8.2 -7.53333 -6.86667 -6.2 -5.53333 -4.86667 -4.2 -3.53333 -2.86667 -2.2 -1.53333 -0.866667 -0.2 0.466667 1.13333 1.8 
Y from Astar: 0 0 0 0 0 0 0 0 0 0 0 0 0 0 0 0 
0
X from QP: -8.2 -7.53333 -6.86667 -6.2 -5.53333 -4.86667 -4.2 -3.53333 -2.86667 -2.2 -1.53333 -0.866667 -0.2 0.466667 1.13333 1.8 
Y from QP: 0 0 0 0 0 0 0 0 0 0 0 0 0 0 0 0 
VX from QP: 2 2 2 2 2 2 2 2 2 2 2 2 2 2 2 2 
VY from QP: 0 0 0 0 0 0 0 0 0 0 0 0 0 0 0 0 
1
X from QP: -8.2 -7.53333 -6.86667 -6.2 -5.53333 -4.86667 -4.2 -3.53333 -2.86667 -2.2 -1.53333 -0.866667 -0.2 0.466667 1.13333 1.8 
Y from QP: 0 0 0 0 0 0 0 0 0 0 0 0 0 0 0 0 
VX from QP: 2 2 2 2 2 2 2 2 2 2 2 2 2 2 2 2 
VY from QP: 0 0 0 0 0 0 0 0 0 0 0 0 0 0 0 0 
Now x by QP is: -8
Now y by QP is: 0
Now vx by QP is: 2
Now vy by QP is: 0
0,1,1000,car, x: -8, y: 0, vx: 2, vy: 0, psi_rad: 0,4.67,1.74
1  s_f 14.93  s_b 21.07  t_i 5  t_o 5
The formal decision is:  namely is: 0
Final decision is: 00001
The corresponding cost is: -234
The cost of the formal decision is: 13
Path: 2 1 1 1 0 
Total cost: -234
V from As: 2 2.66667 3.33333 4 4.33333 4.66667 5 5.33333 5.66667 6 6.33333 6.66667 7 7 7 7
S from Astar: 0 0.777778 1.77778 3 4.38889 5.88889 7.5 9.22222 11.0556 13 15.0556 17.2222 19.5 21.8333 24.1667 26.5 
X from Astar: -8 -7.22222 -6.22222 -5 -3.61111 -2.11111 -0.5 1.22222 3.05556 5 7.05556 9.22222 11.5 13.8333 16.1667 18.5 
Y from Astar: 0 0 0 0 0 0 0 0 0 0 0 0 0 0 0 0 
0
X from QP: -8 -7.23553 -6.31478 -5.20976 -3.91458 -2.4373 -0.794927 0.991515 2.90183 4.91746 7.02237 9.20389 11.4525 13.7617 16.1279 18.5497 
Y from QP: 0 0 0 0 0 0 0 0 0 0 0 0 0 0 0 0 
VX from QP: 2 2.00069 2.00138 2.00206 2.00275 2.00344 2.00413 2.00481 2.0055 2.00618 2.00687 2.00756 2.00824 2.00893 2.00961 2.01029 
VY from QP: 0 0 0 0 0 0 0 0 0 0 0 0 0 0 0 0 
1
X from QP: -8 -7.23553 -6.31478 -5.20976 -3.91458 -2.4373 -0.794927 0.991515 2.90183 4.91746 7.02237 9.20389 11.4525 13.7617 16.1279 18.5497 
Y from QP: 0 0 0 0 0 0 0 0 0 0 0 0 0 0 0 0 
VX from QP: 2 2.00069 2.00138 2.00206 2.00275 2.00344 2.00413 2.00481 2.0055 2.00618 2.00687 2.00756 2.00824 2.00893 2.00961 2.01029 
VY from QP: 0 0 0 0 0 0 0 0 0 0 0 0 0 0 0 0 
Now x by QP is: -7.79013
Now y by QP is: 0
Now vx by QP is: 2.19283
Now vy by QP is: 0
0,1,1100,car, x: -7.79013, y: 0, vx: 2.19283, vy: 0, psi_rad: 0,4.67,1.74
1  s_f 14.73  s_b 20.87  t_i 4.9  t_o 5
The formal decision is: 00001 namely is: 1
Final decision is: 00001
The corresponding cost is: -233.186
The cost of the formal decision is: -233.186
Path: 2 2 0 0 -1 
Total cost: -233.186
V from As: 2.19283 2.8595 3.52616 4.19283 4.8595 5.52616 6.19283 6.19283 6.19283 6.19283 6.19283 6.19283 6.19283 5.8595 5.52616 5.19283
S from Astar: 0 0.842055 1.90633 3.19283 4.70155 6.4325 8.38566 10.4499 12.5142 14.5785 16.6428 18.707 20.7713 22.78 24.6777 26.4642 
X from Astar: -7.79013 -6.94807 -5.8838 -4.5973 -3.08858 -1.35763 0.595532 2.65981 4.72409 6.78836 8.85264 10.9169 12.9812 14.9899 16.8875 18.674 
Y from Astar: 0 0 0 0 0 0 0 0 0 0 0 0 0 0 0 0 
0
X from QP: -7.79013 -6.9428 -5.90927 -4.65733 -3.18401 -1.50756 0.339415 2.31667 4.38284 6.49854 8.62942 10.7493 12.8394 14.8879 16.8892 18.8417 
Y from QP: 0 0 0 0 0 0 0 0 0 0 0 0 0 0 0 0 
VX from QP: 2.19283 2.19365 2.19447 2.19528 2.1961 2.19692 2.19774 2.19855 2.19937 2.20018 2.201 2.20181 2.20263 2.20344 2.20425 2.20507 
VY from QP: 0 0 0 0 0 0 0 0 0 0 0 0 0 0 0 0 
1
X from QP: -7.79013 -6.9341 -5.89022 -4.63014 -3.15248 -1.4757 0.368313 2.34043 4.40039 6.50976 8.63494 10.7502 12.8372 14.884 16.8853 18.8393 
Y from QP: 0 0 0 0 0 0 0 0 0 0 0 0 0 0 0 0 
VX from QP: 2.19283 2.19373 2.19464 2.19554 2.19644 2.19734 2.19824 2.19914 2.20004 2.20094 2.20184 2.20274 2.20364 2.20453 2.20543 2.20633 
VY from QP: 0 0 0 0 0 0 0 0 0 0 0 0 0 0 0 0 
Now x by QP is: -7.55798
Now y by QP is: 0
Now vx by QP is: 2.44319
Now vy by QP is: 0
0,1,1200,car, x: -7.55798, y: 0, vx: 2.44319, vy: 0, psi_rad: 0,4.67,1.74
1  s_f 14.49  s_b 20.63  t_i 4.8  t_o 5
The formal decision is: 00001 namely is: 1
Final decision is: 00001
The corresponding cost is: -241.381
The cost of the formal decision is: -241.381
Path: 2 1 1 0 0 
Total cost: -241.381
V from As: 2.44319 3.10986 3.77653 4.44319 4.77653 5.10986 5.44319 5.77653 6.10986 6.44319 6.44319 6.44319 6.44319 6.44319 6.44319 6.44319
S from Astar: 0 0.925508 2.07324 3.44319 4.97981 6.62754 8.38638 10.2563 12.2374 14.3296 16.4773 18.625 20.7728 22.9205 25.0682 27.216 
X from Astar: -7.55798 -6.63248 -5.48475 -4.11479 -2.57817 -0.930443 0.828399 2.69835 4.67942 6.77159 8.91932 11.0671 13.2148 15.3625 17.5102 19.658 
Y from Astar: 0 0 0 0 0 0 0 0 0 0 0 0 0 0 0 0 
0
X from QP: -7.55798 -6.64254 -5.56636 -4.30212 -2.84646 -1.2118 0.579037 2.49799 4.51695 6.60944 8.75238 10.9278 13.1228 15.3285 17.5409 19.7584 
Y from QP: 0 0 0 0 0 0 0 0 0 0 0 0 0 0 0 0 
VX from QP: 2.44319 2.4439 2.44462 2.44533 2.44604 2.44675 2.44746 2.44817 2.44888 2.44959 2.4503 2.45101 2.45172 2.45242 2.45313 2.45384 
VY from QP: 0 0 0 0 0 0 0 0 0 0 0 0 0 0 0 0 
1
X from QP: -7.55798 -6.63138 -5.54191 -4.26724 -2.80602 -1.17093 0.616104 2.52848 4.53947 6.62383 8.75946 10.9291 13.1199 15.3236 17.5359 19.7553 
Y from QP: 0 0 0 0 0 0 0 0 0 0 0 0 0 0 0 0 
VX from QP: 2.44319 2.44401 2.44483 2.44565 2.44647 2.44729 2.44811 2.44893 2.44975 2.45056 2.45138 2.4522 2.45301 2.45383 2.45464 2.45546 
VY from QP: 0 0 0 0 0 0 0 0 0 0 0 0 0 0 0 0 
Now x by QP is: -7.30202
Now y by QP is: 0
Now vx by QP is: 2.66954
Now vy by QP is: 0
0,1,1300,car, x: -7.30202, y: 0, vx: 2.66954, vy: 0, psi_rad: 0,4.67,1.74
1  s_f 14.24  s_b 20.38  t_i 4.7  t_o 5
The formal decision is: 00001 namely is: 1
Final decision is: 00001
The corresponding cost is: -236.029
The cost of the formal decision is: -236.029
Path: 2 1 1 0 -1 
Total cost: -236.029
V from As: 2.66954 3.33621 4.00287 4.66954 5.00287 5.33621 5.66954 6.00287 6.33621 6.66954 6.66954 6.66954 6.66954 6.33621 6.00287 5.66954
S from Astar: 0 1.00096 2.22414 3.66954 5.28161 7.00479 8.83908 10.7845 12.841 15.0086 17.2318 19.455 21.6782 23.8458 25.9023 27.8477 
X from Astar: -7.30202 -6.30106 -5.07788 -3.63248 -2.02041 -0.297228 1.53706 3.48246 5.53898 7.7066 9.92978 12.153 14.3761 16.5438 18.6003 20.5457 
Y from Astar: 0 0 0 0 0 0 0 0 0 0 0 0 0 0 0 0 
0
X from QP: -7.30202 -6.3103 -5.15627 -3.81215 -2.27456 -0.556525 1.31771 3.31786 5.41257 7.57141 9.76692 11.9766 14.1833 16.3753 18.547 20.6966 
Y from QP: 0 0 0 0 0 0 0 0 0 0 0 0 0 0 0 0 
VX from QP: 2.66954 2.67026 2.67097 2.67169 2.67241 2.67312 2.67384 2.67455 2.67527 2.67598 2.6767 2.67741 2.67813 2.67884 2.67955 2.68027 
VY from QP: 0 0 0 0 0 0 0 0 0 0 0 0 0 0 0 0 
1
X from QP: -7.30202 -6.30027 -5.13431 -3.78082 -2.23822 -0.519808 1.35102 3.34526 5.4328 7.58434 9.77329 11.9777 14.1807 16.3708 18.5424 20.6938 
Y from QP: 0 0 0 0 0 0 0 0 0 0 0 0 0 0 0 0 
VX from QP: 2.66954 2.67035 2.67117 2.67198 2.6728 2.67361 2.67442 2.67524 2.67605 2.67686 2.67767 2.67848 2.67929 2.6801 2.68091 2.68172 
VY from QP: 0 0 0 0 0 0 0 0 0 0 0 0 0 0 0 0 
Now x by QP is: -7.02348
Now y by QP is: 0
Now vx by QP is: 2.8947
Now vy by QP is: 0
0,1,1400,car, x: -7.02348, y: 0, vx: 2.8947, vy: 0, psi_rad: 0,4.67,1.74
1  s_f 13.96  s_b 20.1  t_i 4.6  t_o 5
The formal decision is: 00001 namely is: 1
Final decision is: 00001
The corresponding cost is: -236.103
The cost of the formal decision is: -236.103
Path: 2 1 0 1 -1 
Total cost: -236.103
V from As: 2.8947 3.56137 4.22804 4.8947 5.22804 5.56137 5.8947 5.8947 5.8947 5.8947 6.22804 6.56137 6.8947 6.56137 6.22804 5.8947
S from Astar: 0 1.07601 2.37425 3.8947 5.58183 7.38006 9.2894 11.2543 13.2192 15.1841 17.2046 19.3361 21.5788 23.8215 25.9531 27.9735 
X from Astar: -7.02348 -5.94747 -4.64923 -3.12878 -1.44165 0.356579 2.26592 4.23083 6.19573 8.16063 10.1811 12.3127 14.5553 16.798 18.9296 20.95 
Y from Astar: 0 0 0 0 0 0 0 0 0 0 0 0 0 0 0 0 
0
X from QP: -7.02348 -5.9574 -4.73317 -3.32803 -1.74399 0.00136449 1.88106 3.86481 5.925 8.03752 10.1826 12.3455 14.5163 16.6886 18.8592 21.0272 
Y from QP: 0 0 0 0 0 0 0 0 0 0 0 0 0 0 0 0 
VX from QP: 2.8947 2.89542 2.89614 2.89685 2.89757 2.89828 2.899 2.89972 2.90043 2.90114 2.90186 2.90257 2.90329 2.904 2.90471 2.90542 
VY from QP: 0 0 0 0 0 0 0 0 0 0 0 0 0 0 0 0 
1
X from QP: -7.02348 -5.9474 -4.71128 -3.2968 -1.70778 0.0379623 1.91426 3.89211 5.94516 8.0504 10.1889 12.3466 14.5138 16.6842 18.8547 21.0245 
Y from QP: 0 0 0 0 0 0 0 0 0 0 0 0 0 0 0 0 
VX from QP: 2.8947 2.89552 2.89633 2.89714 2.89796 2.89877 2.89958 2.90039 2.90121 2.90202 2.90283 2.90364 2.90445 2.90526 2.90606 2.90687 
VY from QP: 0 0 0 0 0 0 0 0 0 0 0 0 0 0 0 0 
Now x by QP is: -6.72245
Now y by QP is: 0
Now vx by QP is: 3.11918
Now vy by QP is: 0
0,1,1500,car, x: -6.72245, y: 0, vx: 3.11918, vy: 0, psi_rad: 0,4.67,1.74
1  s_f 13.66  s_b 19.8  t_i 4.5  t_o 5
The formal decision is: 00001 namely is: 1
Final decision is: 00001
The corresponding cost is: -246.83
The cost of the formal decision is: -246.83
Path: 2 1 0 0 -1 
Total cost: -246.83
V from As: 3.11918 3.78585 4.45251 5.11918 5.45251 5.78585 6.11918 6.11918 6.11918 6.11918 6.11918 6.11918 6.11918 5.78585 5.45251 5.11918
S from Astar: 0 1.15084 2.5239 4.11918 5.88113 7.75419 9.73836 11.7781 13.8178 15.8575 17.8973 19.937 21.9767 23.9609 25.834 27.5959 
X from Astar: -6.72245 -5.57162 -4.19856 -2.60327 -0.841324 1.03174 3.01591 5.05563 7.09536 9.13509 11.1748 13.2145 15.2543 17.2384 19.1115 20.8734 
Y from Astar: 0 0 0 0 0 0 0 0 0 0 0 0 0 0 0 0 
0
X from QP: -6.72245 -5.57831 -4.27154 -2.78009 -1.10848 0.721357 2.67661 4.71996 6.8159 8.93237 11.0425 13.1266 15.1707 17.1667 19.1106 21.0014 
Y from QP: 0 0 0 0 0 0 0 0 0 0 0 0 0 0 0 0 
VX from QP: 3.11918 3.11992 3.12066 3.1214 3.12214 3.12288 3.12362 3.12436 3.1251 3.12584 3.12657 3.12731 3.12805 3.12878 3.12952 3.13026 
VY from QP: 0 0 0 0 0 0 0 0 0 0 0 0 0 0 0 0 
1
X from QP: -6.72245 -5.56837 -4.24978 -2.74903 -1.07247 0.757744 2.70961 4.74711 6.83595 8.94518 11.0488 13.1277 15.1682 17.1623 19.1061 20.9986 
Y from QP: 0 0 0 0 0 0 0 0 0 0 0 0 0 0 0 0 
VX from QP: 3.11918 3.12002 3.12086 3.12169 3.12253 3.12336 3.1242 3.12503 3.12587 3.1267 3.12754 3.12837 3.1292 3.13003 3.13087 3.1317 
VY from QP: 0 0 0 0 0 0 0 0 0 0 0 0 0 0 0 0 
Now x by QP is: -6.39865
Now y by QP is: 0
Now vx by QP is: 3.35005
Now vy by QP is: 0
0,1,1600,car, x: -6.39865, y: 0, vx: 3.35005, vy: 0, psi_rad: 0,4.67,1.74
1  s_f 13.33  s_b 19.47  t_i 4.4  t_o 5
The formal decision is: 00001 namely is: 1
Final decision is: 00001
The corresponding cost is: -245.986
The cost of the formal decision is: -245.986
Path: 2 1 0 -1 0 
Total cost: -245.986
V from As: 3.35005 4.01672 4.68338 5.35005 5.68338 6.01672 6.35005 6.35005 6.35005 6.35005 6.01672 5.68338 5.35005 5.35005 5.35005 5.35005
S from Astar: 0 1.22779 2.67781 4.35005 6.18896 8.13897 10.2001 12.3168 14.4335 16.5502 18.6113 20.5613 22.4002 24.1836 25.9669 27.7503 
X from Astar: -6.39865 -5.17086 -3.72084 -2.0486 -0.209693 1.74032 3.80145 5.91814 8.03482 10.1515 12.2126 14.1627 16.0016 17.7849 19.5683 21.3516 
Y from Astar: 0 0 0 0 0 0 0 0 0 0 0 0 0 0 0 0 
0
X from QP: -6.39865 -5.17514 -3.7861 -2.21063 -0.455807 1.45272 3.47771 5.57706 7.71057 9.84222 11.9425 13.991 15.9744 17.8853 19.7207 21.4797 
Y from QP: 0 0 0 0 0 0 0 0 0 0 0 0 0 0 0 0 
VX from QP: 3.35005 3.35081 3.35157 3.35233 3.35309 3.35384 3.3546 3.35536 3.35611 3.35687 3.35763 3.35838 3.35914 3.35989 3.36065 3.3614 
VY from QP: 0 0 0 0 0 0 0 0 0 0 0 0 0 0 0 0 
1
X from QP: -6.39865 -5.16491 -3.76371 -2.17868 -0.418772 1.49015 3.51165 5.60498 7.73119 9.8554 11.949 13.9921 15.9718 17.8808 19.7161 21.4769 
Y from QP: 0 0 0 0 0 0 0 0 0 0 0 0 0 0 0 0 
VX from QP: 3.35005 3.35091 3.35177 3.35263 3.35348 3.35434 3.3552 3.35605 3.35691 3.35776 3.35862 3.35947 3.36032 3.36118 3.36203 3.36288 
VY from QP: 0 0 0 0 0 0 0 0 0 0 0 0 0 0 0 0 
Now x by QP is: -6.05147
Now y by QP is: 0
Now vx by QP is: 3.58659
Now vy by QP is: 0
0,1,1700,car, x: -6.05147, y: 0, vx: 3.58659, vy: 0, psi_rad: 0,4.67,1.74
1  s_f 12.99  s_b 19.13  t_i 4.3  t_o 5
The formal decision is: 00001 namely is: 1
Final decision is: 00001
The corresponding cost is: -239.202
The cost of the formal decision is: -239.202
Path: 2 1 0 -1 0 
Total cost: -239.202
V from As: 3.58659 4.25325 4.91992 5.58659 5.91992 6.25325 6.58659 6.58659 6.58659 6.58659 6.25325 5.91992 5.58659 5.58659 5.58659 5.58659
S from Astar: 0 1.30664 2.8355 4.58659 6.50434 8.5332 10.6732 12.8687 15.0642 17.2598 19.3997 21.4286 23.3463 25.2085 27.0707 28.9329 
X from Astar: -6.05147 -4.74483 -3.21596 -1.46488 0.45287 2.48173 4.62171 6.81723 9.01276 11.2083 13.3483 15.3771 17.2949 19.1571 21.0193 22.8815 
Y from Astar: 0 0 0 0 0 0 0 0 0 0 0 0 0 0 0 0 
0
X from QP: -6.05147 -4.74911 -3.28122 -1.62691 0.206756 2.19413 4.29796 6.47616 8.68851 10.899 13.0781 15.2054 17.2677 19.2575 21.1717 23.0096 
Y from QP: 0 0 0 0 0 0 0 0 0 0 0 0 0 0 0 0 
VX from QP: 3.58659 3.58734 3.5881 3.58886 3.58962 3.59038 3.59114 3.59189 3.59265 3.59341 3.59416 3.59492 3.59567 3.59643 3.59718 3.59794 
VY from QP: 0 0 0 0 0 0 0 0 0 0 0 0 0 0 0 0 
1
X from QP: -6.05147 -4.73864 -3.25831 -1.59421 0.244672 2.23245 4.33271 6.50474 8.70962 10.9125 13.0848 15.2066 17.265 19.2528 21.167 23.0067 
Y from QP: 0 0 0 0 0 0 0 0 0 0 0 0 0 0 0 0 
VX from QP: 3.58659 3.58745 3.58831 3.58917 3.59003 3.59089 3.59175 3.5926 3.59346 3.59432 3.59518 3.59603 3.59689 3.59774 3.5986 3.59945 
VY from QP: 0 0 0 0 0 0 0 0 0 0 0 0 0 0 0 0 
Now x by QP is: -5.6806
Now y by QP is: 0
Now vx by QP is: 3.82371
Now vy by QP is: 0
0,1,1800,car, x: -5.6806, y: 0, vx: 3.82371, vy: 0, psi_rad: 0,4.67,1.74
1  s_f 12.62  s_b 18.76  t_i 4.2  t_o 5
The formal decision is: 00001 namely is: 1
Final decision is: 00001
The corresponding cost is: -246.486
The cost of the formal decision is: -246.486
Path: 1 1 1 0 -1 
Total cost: -246.486
V from As: 3.82371 4.15704 4.49037 4.82371 5.15704 5.49037 5.82371 6.15704 6.49037 6.82371 6.82371 6.82371 6.82371 6.49037 6.15704 5.82371
S from Astar: 0 1.33012 2.77136 4.32371 5.98717 7.76173 9.64741 11.6442 13.7521 15.9711 18.2457 20.5203 22.7948 25.0138 27.1217 29.1185 
X from Astar: -5.6806 -4.35047 -2.90924 -1.35689 0.306568 2.08114 3.96682 5.96361 8.07151 10.2905 12.5651 14.8397 17.1142 19.3332 21.4411 23.4379 
Y from Astar: 0 0 0 0 0 0 0 0 0 0 0 0 0 0 0 0 
0
X from QP: -5.6806 -4.34997 -2.92577 -1.38594 0.278931 2.06828 3.97371 5.98099 8.07197 10.2266 12.4249 14.6489 16.8836 19.1182 21.3476 23.57 
Y from QP: 0 0 0 0 0 0 0 0 0 0 0 0 0 0 0 0 
VX from QP: 3.82371 3.8241 3.82448 3.82487 3.82526 3.82565 3.82604 3.82642 3.82681 3.8272 3.82759 3.82797 3.82836 3.82875 3.82913 3.82952 
VY from QP: 0 0 0 0 0 0 0 0 0 0 0 0 0 0 0 0 
1
X from QP: -5.6806 -4.33949 -2.90281 -1.35317 0.316928 2.10668 4.00854 6.00963 8.09313 10.2401 12.4316 14.65 16.8809 19.1136 21.3429 23.5672 
Y from QP: 0 0 0 0 0 0 0 0 0 0 0 0 0 0 0 0 
VX from QP: 3.82371 3.8242 3.82469 3.82518 3.82567 3.82616 3.82665 3.82714 3.82762 3.82811 3.8286 3.82909 3.82958 3.83006 3.83055 3.83104 
VY from QP: 0 0 0 0 0 0 0 0 0 0 0 0 0 0 0 0 
Now x by QP is: -5.29128
Now y by QP is: 0
Now vx by QP is: 3.95858
Now vy by QP is: 0
0,1,1900,car, x: -5.29128, y: 0, vx: 3.95858, vy: 0, psi_rad: 0,4.67,1.74
1  s_f 12.23  s_b 18.37  t_i 4.1  t_o 5
The formal decision is: 00001 namely is: 1
Final decision is: 00001
The corresponding cost is: -251.234
The cost of the formal decision is: -251.234
Path: 2 0 0 0 0 
Total cost: -251.234
V from As: 3.95858 4.62524 5.29191 5.95858 5.95858 5.95858 5.95858 5.95858 5.95858 5.95858 5.95858 5.95858 5.95858 5.95858 5.95858 5.95858
S from Astar: 0 1.43064 3.08349 4.95858 6.94477 8.93096 10.9172 12.9033 14.8895 16.8757 18.8619 20.8481 22.8343 24.8205 26.8067 28.7929 
X from Astar: -5.29128 -3.86064 -2.20778 -0.332702 1.65349 3.63968 5.62587 7.61206 9.59826 11.5844 13.5706 15.5568 17.543 19.5292 21.5154 23.5016 
Y from Astar: 0 0 0 0 0 0 0 0 0 0 0 0 0 0 0 0 
0
X from QP: -5.29128 -3.88013 -2.3315 -0.633953 1.20047 3.14679 5.17338 7.24811 9.34452 11.4419 13.5252 15.5857 17.6186 19.6223 21.5958 23.5392 
Y from QP: 0 0 0 0 0 0 0 0 0 0 0 0 0 0 0 0 
VX from QP: 3.95858 3.95923 3.95989 3.96055 3.96121 3.96186 3.96252 3.96317 3.96383 3.96449 3.96514 3.9658 3.96645 3.9671 3.96776 3.96841 
VY from QP: 0 0 0 0 0 0 0 0 0 0 0 0 0 0 0 0 
1
X from QP: -5.29128 -3.87417 -2.31847 -0.615351 1.22204 3.16859 5.19315 7.26437 9.35653 11.4495 13.529 15.5863 17.6171 19.6196 21.5931 23.5376 
Y from QP: 0 0 0 0 0 0 0 0 0 0 0 0 0 0 0 0 
VX from QP: 3.95858 3.95929 3.96001 3.96072 3.96144 3.96215 3.96286 3.96358 3.96429 3.965 3.96572 3.96643 3.96714 3.96785 3.96856 3.96927 
VY from QP: 0 0 0 0 0 0 0 0 0 0 0 0 0 0 0 0 
Now x by QP is: -4.88527
Now y by QP is: 0
Now vx by QP is: 4.15578
Now vy by QP is: 0
0,2,2000,car, x: -4.88527, y: 0, vx: 4.15578, vy: 0, psi_rad: 0,4.67,1.74
1  s_f 11.82  s_b 17.96  t_i 4  t_o 5
The formal decision is: 00001 namely is: 1
Final decision is: 00001
The corresponding cost is: -250.828
The cost of the formal decision is: -250.828
Path: 2 0 0 -1 0 
Total cost: -250.828
V from As: 4.15578 4.82244 5.48911 6.15578 6.15578 6.15578 6.15578 6.15578 6.15578 6.15578 5.82244 5.48911 5.15578 5.15578 5.15578 5.15578
S from Astar: 0 1.49637 3.21496 5.15578 7.2077 9.25963 11.3116 13.3635 15.4154 17.4673 19.4637 21.349 23.1231 24.8417 26.5603 28.2789 
X from Astar: -4.88527 -3.3889 -1.6703 0.270512 2.32244 4.37436 6.42629 8.47822 10.5301 12.5821 14.5784 16.4637 18.2378 19.9564 21.675 23.3936 
Y from Astar: 0 0 0 0 0 0 0 0 0 0 0 0 0 0 0 0 
0
X from QP: -4.88527 -3.40514 -1.78308 -0.00830095 1.9046 3.92631 6.01936 8.14461 10.2677 12.3599 14.3993 16.3717 18.2689 20.0871 21.8248 23.482 
Y from QP: 0 0 0 0 0 0 0 0 0 0 0 0 0 0 0 0 
VX from QP: 4.15578 4.15646 4.15714 4.15782 4.1585 4.15918 4.15986 4.16054 4.16122 4.1619 4.16258 4.16326 4.16394 4.16461 4.16529 4.16597 
VY from QP: 0 0 0 0 0 0 0 0 0 0 0 0 0 0 0 0 
1
X from QP: -4.88527 -3.39642 -1.76397 0.0189616 1.93621 3.95825 6.04834 8.16844 10.2853 12.3711 14.4048 16.3726 18.2667 20.0832 21.8209 23.4796 
Y from QP: 0 0 0 0 0 0 0 0 0 0 0 0 0 0 0 0 
VX from QP: 4.15578 4.15654 4.15731 4.15808 4.15884 4.15961 4.16037 4.16113 4.1619 4.16266 4.16342 4.16419 4.16495 4.16571 4.16647 4.16723 
VY from QP: 0 0 0 0 0 0 0 0 0 0 0 0 0 0 0 0 
Now x by QP is: -4.45884
Now y by QP is: 0
Now vx by QP is: 4.36621
Now vy by QP is: 0
0,2,2100,car, x: -4.45884, y: 0, vx: 4.36621, vy: 0, psi_rad: 0,4.67,1.74
1  s_f 11.39  s_b 17.53  t_i 3.9  t_o 5
The formal decision is: 00001 namely is: 1
Final decision is: 00001
The corresponding cost is: -254.808
The cost of the formal decision is: -254.808
Path: 1 1 0 0 -1 
Total cost: -254.808
V from As: 4.36621 4.69955 5.03288 5.36621 5.69955 6.03288 6.36621 6.36621 6.36621 6.36621 6.36621 6.36621 6.36621 6.03288 5.69955 5.36621
S from Astar: 0 1.51096 3.13303 4.86621 6.71051 8.66591 10.7324 12.8545 14.9766 17.0986 19.2207 21.3428 23.4649 25.5314 27.4868 29.3311 
X from Astar: -4.45884 -2.94788 -1.32581 0.407374 2.25167 4.20707 6.27359 8.39566 10.5177 12.6398 14.7619 16.8839 19.006 21.0725 23.0279 24.8722 
Y from Astar: 0 0 0 0 0 0 0 0 0 0 0 0 0 0 0 0 
0
X from QP: -4.45884 -2.94483 -1.33694 0.381182 2.21102 4.14314 6.16054 8.24196 10.3651 12.5084 14.6523 16.7816 18.8847 20.9542 22.9868 24.9813 
Y from QP: 0 0 0 0 0 0 0 0 0 0 0 0 0 0 0 0 
VX from QP: 4.36621 4.36662 4.36704 4.36745 4.36786 4.36827 4.36868 4.36909 4.3695 4.36991 4.37032 4.37073 4.37114 4.37155 4.37196 4.37237 
VY from QP: 0 0 0 0 0 0 0 0 0 0 0 0 0 0 0 0 
1
X from QP: -4.45884 -2.93556 -1.31664 0.410154 2.24461 4.17708 6.19132 8.26729 10.3838 12.5203 14.6582 16.7826 18.8823 20.9501 22.9826 24.9788 
Y from QP: 0 0 0 0 0 0 0 0 0 0 0 0 0 0 0 0 
VX from QP: 4.36621 4.36671 4.36722 4.36772 4.36822 4.36872 4.36922 4.36972 4.37022 4.37072 4.37122 4.37172 4.37222 4.37272 4.37322 4.37371 
VY from QP: 0 0 0 0 0 0 0 0 0 0 0 0 0 0 0 0 
Now x by QP is: -4.01511
Now y by QP is: 0
Now vx by QP is: 4.50407
Now vy by QP is: 0
0,2,2200,car, x: -4.01511, y: 0, vx: 4.50407, vy: 0, psi_rad: 0,4.67,1.74
1  s_f 10.95  s_b 17.09  t_i 3.8  t_o 5
The formal decision is: 00001 namely is: 1
Final decision is: 00001
The corresponding cost is: -256.632
The cost of the formal decision is: -256.632
Path: 1 1 0 -1 0 
Total cost: -256.632
V from As: 4.50407 4.8374 5.17073 5.50407 5.8374 6.17073 6.50407 6.50407 6.50407 6.50407 6.17073 5.8374 5.50407 5.50407 5.50407 5.50407
S from Astar: 0 1.55691 3.22493 5.00407 6.89431 8.89567 11.0081 13.1762 15.3442 17.5122 19.6247 21.626 23.5163 25.351 27.1856 29.0203 
X from Astar: -4.01511 -2.4582 -0.790179 0.988955 2.8792 4.88055 6.99302 9.16104 11.3291 13.4971 15.6096 17.6109 19.5012 21.3358 23.1705 25.0052 
Y from Astar: 0 0 0 0 0 0 0 0 0 0 0 0 0 0 0 0 
0
X from QP: -4.01511 -2.45274 -0.793577 0.977552 2.85959 4.8394 6.89552 9.00194 11.1317 13.2591 15.3621 17.4248 19.4362 21.3897 23.2827 25.1145 
Y from QP: 0 0 0 0 0 0 0 0 0 0 0 0 0 0 0 0 
VX from QP: 4.50407 4.5045 4.50493 4.50536 4.50579 4.50621 4.50664 4.50707 4.5075 4.50793 4.50836 4.50879 4.50922 4.50964 4.51007 4.5105 
VY from QP: 0 0 0 0 0 0 0 0 0 0 0 0 0 0 0 0 
1
X from QP: -4.01511 -2.44666 -0.780276 0.996535 2.8816 4.86164 6.91569 9.01853 11.1439 13.2669 15.366 17.4255 19.4346 21.387 23.28 25.1128 
Y from QP: 0 0 0 0 0 0 0 0 0 0 0 0 0 0 0 0 
VX from QP: 4.50407 4.50456 4.50504 4.50553 4.50602 4.50651 4.507 4.50749 4.50797 4.50846 4.50895 4.50943 4.50992 4.51041 4.51089 4.51138 
VY from QP: 0 0 0 0 0 0 0 0 0 0 0 0 0 0 0 0 
Now x by QP is: -3.55775
Now y by QP is: 0
Now vx by QP is: 4.63917
Now vy by QP is: 0
0,2,2300,car, x: -3.55775, y: 0, vx: 4.63917, vy: 0, psi_rad: 0,4.67,1.74
1  s_f 10.49  s_b 16.63  t_i 3.7  t_o 5
The formal decision is: 00001 namely is: 1
Final decision is: 00001
The corresponding cost is: -252.617
The cost of the formal decision is: -252.617
Path: 1 1 0 -1 0 
Total cost: -252.617
V from As: 4.63917 4.9725 5.30583 5.63917 5.9725 6.30583 6.63917 6.63917 6.63917 6.63917 6.30583 5.9725 5.63917 5.63917 5.63917 5.63917
S from Astar: 0 1.60194 3.315 5.13917 7.07445 9.12083 11.2783 13.4914 15.7044 17.9175 20.075 22.1214 24.0567 25.9364 27.8161 29.6958 
X from Astar: -3.55775 -1.95581 -0.242754 1.58141 3.51669 5.56308 7.72058 9.93364 12.1467 14.3597 16.5172 18.5636 20.4989 22.3786 24.2584 26.1381 
Y from Astar: 0 0 0 0 0 0 0 0 0 0 0 0 0 0 0 0 
0
X from QP: -3.55775 -1.95035 -0.246152 1.57001 3.49709 5.52192 7.62308 9.77454 11.9493 14.1217 16.2698 18.3775 20.4339 22.4325 24.3706 26.2474 
Y from QP: 0 0 0 0 0 0 0 0 0 0 0 0 0 0 0 0 
VX from QP: 4.63917 4.6396 4.64003 4.64046 4.64089 4.64132 4.64175 4.64217 4.6426 4.64303 4.64346 4.64389 4.64432 4.64474 4.64517 4.6456 
VY from QP: 0 0 0 0 0 0 0 0 0 0 0 0 0 0 0 0 
1
X from QP: -3.55775 -1.94435 -0.233027 1.58874 3.5188 5.54387 7.64299 9.79091 11.9614 14.1295 16.2736 18.3782 20.4324 22.4299 24.3679 26.2457 
Y from QP: 0 0 0 0 0 0 0 0 0 0 0 0 0 0 0 0 
VX from QP: 4.63917 4.63966 4.64014 4.64063 4.64112 4.64161 4.64209 4.64258 4.64307 4.64356 4.64404 4.64453 4.64501 4.6455 4.64598 4.64647 
VY from QP: 0 0 0 0 0 0 0 0 0 0 0 0 0 0 0 0 
Now x by QP is: -3.0869
Now y by QP is: 0
Now vx by QP is: 4.77408
Now vy by QP is: 0
0,2,2400,car, x: -3.0869, y: 0, vx: 4.77408, vy: 0, psi_rad: 0,4.67,1.74
1  s_f 10.02  s_b 16.16  t_i 3.6  t_o 5
The formal decision is: 00001 namely is: 1
Final decision is: 00001
The corresponding cost is: -254.974
The cost of the formal decision is: -254.974
Path: 1 0 1 -1 0 
Total cost: -254.974
V from As: 4.77408 5.10741 5.44074 5.77408 5.77408 5.77408 5.77408 6.10741 6.44074 6.77408 6.44074 6.10741 5.77408 5.77408 5.77408 5.77408
S from Astar: 0 1.64691 3.40494 5.27408 7.19877 9.12346 11.0482 13.0284 15.1198 17.3222 19.5247 21.6161 23.5963 25.521 27.4457 29.3704 
X from Astar: -3.0869 -1.43998 0.318042 2.18718 4.11187 6.03656 7.96125 9.9415 12.0329 14.2353 16.4378 18.5292 20.5094 22.4341 24.3588 26.2835 
Y from Astar: 0 0 0 0 0 0 0 0 0 0 0 0 0 0 0 0 
0
X from QP: -3.0869 -1.44904 0.26172 2.05613 3.93355 5.88604 7.90052 9.96094 12.0503 14.152 16.2507 18.3343 20.3933 22.4215 24.416 26.376 
Y from QP: 0 0 0 0 0 0 0 0 0 0 0 0 0 0 0 0 
VX from QP: 4.77408 4.7744 4.77473 4.77506 4.77539 4.77572 4.77605 4.77638 4.77671 4.77703 4.77736 4.77769 4.77802 4.77834 4.77867 4.779 
VY from QP: 0 0 0 0 0 0 0 0 0 0 0 0 0 0 0 0 
1
X from QP: -3.0869 -1.44305 0.274829 2.07484 3.95524 5.90796 7.9204 9.97729 12.0624 14.1597 16.2545 18.335 20.3918 22.4188 24.4133 26.3744 
Y from QP: 0 0 0 0 0 0 0 0 0 0 0 0 0 0 0 0 
VX from QP: 4.77408 4.77446 4.77485 4.77524 4.77562 4.77601 4.7764 4.77678 4.77717 4.77756 4.77794 4.77833 4.77871 4.7791 4.77948 4.77987 
VY from QP: 0 0 0 0 0 0 0 0 0 0 0 0 0 0 0 0 
Now x by QP is: -2.604
Now y by QP is: 0
Now vx by QP is: 4.88056
Now vy by QP is: 0
0,2,2500,car, x: -2.604, y: 0, vx: 4.88056, vy: 0, psi_rad: 0,4.67,1.74
1  s_f 9.54  s_b 15.68  t_i 3.5  t_o 5
The formal decision is: 00001 namely is: 1
Final decision is: 00001
The corresponding cost is: -256.273
The cost of the formal decision is: -256.273
Path: 1 1 -1 -1 0 
Total cost: -256.273
V from As: 4.88056 5.21389 5.54723 5.88056 6.21389 6.54723 6.88056 6.54723 6.21389 5.88056 5.54723 5.21389 4.88056 4.88056 4.88056 4.88056
S from Astar: 0 1.68241 3.47593 5.38056 7.3963 9.52315 11.7611 13.9991 16.1259 18.1417 20.0463 21.8398 23.5222 25.1491 26.7759 28.4028 
X from Astar: -2.604 -0.921593 0.871927 2.77656 4.7923 6.91915 9.15712 11.3951 13.5219 15.5377 17.4423 19.2358 20.9182 22.5451 24.1719 25.7988 
Y from Astar: 0 0 0 0 0 0 0 0 0 0 0 0 0 0 0 0 
0
X from QP: -2.604 -0.913583 0.873935 2.76802 4.75969 6.82691 8.93967 11.0649 13.1715 15.2321 17.2255 19.1381 20.9626 22.6957 24.3365 25.8851 
Y from QP: 0 0 0 0 0 0 0 0 0 0 0 0 0 0 0 0 
VX from QP: 4.88056 4.88101 4.88147 4.88192 4.88237 4.88283 4.88328 4.88373 4.88418 4.88463 4.88509 4.88554 4.88599 4.88644 4.88689 4.88734 
VY from QP: 0 0 0 0 0 0 0 0 0 0 0 0 0 0 0 0 
1
X from QP: -2.604 -0.908886 0.884219 2.78269 4.7767 6.84411 8.95526 11.0777 13.181 15.2382 17.2285 19.1386 20.9614 22.6937 24.3344 25.8838 
Y from QP: 0 0 0 0 0 0 0 0 0 0 0 0 0 0 0 0 
VX from QP: 4.88056 4.88106 4.88156 4.88206 4.88256 4.88305 4.88355 4.88405 4.88455 4.88504 4.88554 4.88604 4.88653 4.88703 4.88753 4.88802 
VY from QP: 0 0 0 0 0 0 0 0 0 0 0 0 0 0 0 0 
Now x by QP is: -2.10886
Now y by QP is: 0
Now vx by QP is: 5.01826
Now vy by QP is: 0
0,2,2600,car, x: -2.10886, y: 0, vx: 5.01826, vy: 0, psi_rad: 0,4.67,1.74
1  s_f 9.04  s_b 15.18  t_i 3.4  t_o 5
The formal decision is: 00001 namely is: 1
Final decision is: 00001
The corresponding cost is: -252.487
The cost of the formal decision is: -252.487
Path: 1 1 -1 -1 0 
Total cost: -252.487
V from As: 5.01826 5.35159 5.68492 6.01826 6.35159 6.68492 7.01826 6.68492 6.35159 6.01826 5.68492 5.35159 5.01826 5.01826 5.01826 5.01826
S from Astar: 0 1.72831 3.56773 5.51826 7.5799 9.75265 12.0365 14.3204 16.4931 18.5548 20.5053 22.3447 24.073 25.7458 27.4185 29.0913 
X from Astar: -2.10886 -0.380551 1.45887 3.4094 5.47104 7.64379 9.92765 12.2115 14.3843 16.4459 18.3964 20.2359 21.9642 23.6369 25.3097 26.9824 
Y from Astar: 0 0 0 0 0 0 0 0 0 0 0 0 0 0 0 0 
0
X from QP: -2.10886 -0.372541 1.46088 3.40086 5.43843 7.55155 9.71021 11.8813 14.0338 16.1404 18.1796 20.1381 22.0085 23.7876 25.4743 27.0687 
Y from QP: 0 0 0 0 0 0 0 0 0 0 0 0 0 0 0 0 
VX from QP: 5.01826 5.01871 5.01916 5.01962 5.02007 5.02052 5.02097 5.02143 5.02188 5.02233 5.02278 5.02323 5.02368 5.02414 5.02459 5.02504 
VY from QP: 0 0 0 0 0 0 0 0 0 0 0 0 0 0 0 0 
1
X from QP: -2.10886 -0.36644 1.47424 3.41992 5.46053 7.57389 9.73047 11.898 14.0461 16.1482 18.1835 20.1388 22.007 23.7849 25.4715 27.067 
Y from QP: 0 0 0 0 0 0 0 0 0 0 0 0 0 0 0 0 
VX from QP: 5.01826 5.01877 5.01928 5.01979 5.02031 5.02082 5.02133 5.02184 5.02235 5.02286 5.02337 5.02388 5.02439 5.0249 5.02541 5.02592 
VY from QP: 0 0 0 0 0 0 0 0 0 0 0 0 0 0 0 0 
Now x by QP is: -1.59976
Now y by QP is: 0
Now vx by QP is: 5.15935
Now vy by QP is: 0
0,2,2700,car, x: -1.59976, y: 0, vx: 5.15935, vy: 0, psi_rad: 0,4.67,1.74
1  s_f 8.53  s_b 14.67  t_i 3.3  t_o 5
The formal decision is: 00001 namely is: 1
Final decision is: 00001
The corresponding cost is: -265.73
The cost of the formal decision is: -265.73
Path: 1 0 0 -1 0 
Total cost: -265.73
V from As: 5.15935 5.49268 5.82602 6.15935 6.15935 6.15935 6.15935 6.15935 6.15935 6.15935 5.82602 5.49268 5.15935 5.15935 5.15935 5.15935
S from Astar: 0 1.77534 3.66179 5.65935 7.71246 9.76558 11.8187 13.8718 15.9249 17.978 19.9756 21.8621 23.6374 25.3572 27.077 28.7967 
X from Astar: -1.59976 0.175574 2.06202 4.05958 6.1127 8.16582 10.2189 12.272 14.3252 16.3783 18.3758 20.2623 22.0376 23.7574 25.4772 27.197 
Y from Astar: 0 0 0 0 0 0 0 0 0 0 0 0 0 0 0 0 
0
X from QP: -1.59976 0.169069 2.01111 3.9314 5.92137 7.96421 10.0383 12.1204 14.1896 16.2274 18.2194 20.1558 22.0309 23.8416 25.5868 27.2665 
Y from QP: 0 0 0 0 0 0 0 0 0 0 0 0 0 0 0 0 
VX from QP: 5.15935 5.1597 5.16005 5.16041 5.16076 5.16111 5.16146 5.16181 5.16217 5.16252 5.16287 5.16322 5.16357 5.16392 5.16427 5.16462 
VY from QP: 0 0 0 0 0 0 0 0 0 0 0 0 0 0 0 0 
1
X from QP: -1.59976 0.175301 2.02475 3.95087 5.94395 7.98702 10.0589 12.1374 14.2021 16.2354 18.2233 20.1565 22.0293 23.8388 25.584 27.2648 
Y from QP: 0 0 0 0 0 0 0 0 0 0 0 0 0 0 0 0 
VX from QP: 5.15935 5.15976 5.16017 5.16059 5.161 5.16141 5.16182 5.16224 5.16265 5.16306 5.16347 5.16388 5.16429 5.1647 5.16511 5.16552 
VY from QP: 0 0 0 0 0 0 0 0 0 0 0 0 0 0 0 0 
Now x by QP is: -1.078
Now y by QP is: 0
Now vx by QP is: 5.27235
Now vy by QP is: 0
0,2,2800,car, x: -1.078, y: 0, vx: 5.27235, vy: 0, psi_rad: 0,4.67,1.74
1  s_f 8.01  s_b 14.15  t_i 3.2  t_o 5
The formal decision is: 00001 namely is: 1
Final decision is: 00001
The corresponding cost is: -262.548
The cost of the formal decision is: -262.548
Path: 1 0 0 -1 0 
Total cost: -262.548
V from As: 5.27235 5.60568 5.93902 6.27235 6.27235 6.27235 6.27235 6.27235 6.27235 6.27235 5.93902 5.60568 5.27235 5.27235 5.27235 5.27235
S from Astar: 0 1.81301 3.73712 5.77235 7.86313 9.95392 12.0447 14.1355 16.2263 18.3171 20.3523 22.2764 24.0894 25.8469 27.6043 29.3618 
X from Astar: -1.078 0.73501 2.65913 4.69436 6.78514 8.87592 10.9667 13.0575 15.1483 17.2391 19.2743 21.1984 23.0114 24.7689 26.5263 28.2838 
Y from Astar: 0 0 0 0 0 0 0 0 0 0 0 0 0 0 0 0 
0
X from QP: -1.078 0.728506 2.60821 4.56617 6.59381 8.67431 10.786 12.9059 15.0127 17.0882 19.1178 21.092 23.0047 24.853 26.6359 28.3533 
Y from QP: 0 0 0 0 0 0 0 0 0 0 0 0 0 0 0 0 
VX from QP: 5.27235 5.2727 5.27306 5.27341 5.27376 5.27411 5.27446 5.27482 5.27517 5.27552 5.27587 5.27622 5.27657 5.27692 5.27727 5.27762 
VY from QP: 0 0 0 0 0 0 0 0 0 0 0 0 0 0 0 0 
1
X from QP: -1.078 0.73346 2.61906 4.58165 6.61176 8.69245 10.8025 12.9194 15.0227 17.0945 19.121 21.0925 23.0034 24.8508 26.6337 28.3519 
Y from QP: 0 0 0 0 0 0 0 0 0 0 0 0 0 0 0 0 
VX from QP: 5.27235 5.27275 5.27315 5.27355 5.27395 5.27435 5.27475 5.27515 5.27555 5.27595 5.27635 5.27675 5.27715 5.27755 5.27794 5.27834 
VY from QP: 0 0 0 0 0 0 0 0 0 0 0 0 0 0 0 0 
Now x by QP is: -0.545091
Now y by QP is: 0
Now vx by QP is: 5.38227
Now vy by QP is: 0
0,2,2900,car, x: -0.545091, y: 0, vx: 5.38227, vy: 0, psi_rad: 0,4.67,1.74
1  s_f 7.48  s_b 13.62  t_i 3.1  t_o 5
The formal decision is: 00001 namely is: 1
Final decision is: 00001
The corresponding cost is: -267.624
The cost of the formal decision is: -267.624
Path: 1 0 -1 -1 0 
Total cost: -267.624
V from As: 5.38227 5.7156 6.04893 6.38227 6.38227 6.38227 6.38227 6.04893 5.7156 5.38227 5.04893 4.7156 4.38227 4.38227 4.38227 4.38227
S from Astar: 0 1.84964 3.8104 5.88227 8.00969 10.1371 12.2645 14.3364 16.2972 18.1468 19.8853 21.5128 23.0291 24.4898 25.9506 27.4113 
X from Astar: -0.545091 1.30455 3.26531 5.33717 7.4646 9.59202 11.7194 13.7913 15.7521 17.6017 19.3402 20.9677 22.484 23.9447 25.4055 26.8662 
Y from Astar: 0 0 0 0 0 0 0 0 0 0 0 0 0 0 0 0 
0
X from QP: -0.545091 1.3006 3.2198 5.21185 7.26026 9.33933 11.4188 13.4686 15.4634 17.3833 19.2144 20.9496 22.5866 24.1256 25.5674 26.9128 
Y from QP: 0 0 0 0 0 0 0 0 0 0 0 0 0 0 0 0 
VX from QP: 5.38227 5.38264 5.38302 5.38339 5.38377 5.38414 5.38452 5.38489 5.38527 5.38564 5.38602 5.38639 5.38677 5.38714 5.38751 5.38789 
VY from QP: 0 0 0 0 0 0 0 0 0 0 0 0 0 0 0 0 
1
X from QP: -0.545091 1.30543 3.23039 5.22696 7.27778 9.35703 11.4349 13.4818 15.4732 17.3895 19.2174 20.9501 22.5854 24.1235 25.5653 26.9114 
Y from QP: 0 0 0 0 0 0 0 0 0 0 0 0 0 0 0 0 
VX from QP: 5.38227 5.38269 5.38311 5.38353 5.38396 5.38438 5.3848 5.38522 5.38564 5.38606 5.38649 5.38691 5.38733 5.38775 5.38817 5.38859 
VY from QP: 0 0 0 0 0 0 0 0 0 0 0 0 0 0 0 0 
Now x by QP is: -0.000896706
Now y by QP is: 0
Now vx by QP is: 5.49782
Now vy by QP is: 0
0,3,3000,car, x: -0.000896706, y: 0, vx: 5.49782, vy: 0, psi_rad: 0,4.67,1.74
1  s_f 6.94  s_b 13.08  t_i 3  t_o 5
The formal decision is: 00001 namely is: 1
Final decision is: 00001
The corresponding cost is: -264.804
The cost of the formal decision is: -264.804
Path: 1 0 -1 -1 0 
Total cost: -264.804
V from As: 5.49782 5.83115 6.16449 6.49782 6.49782 6.49782 6.49782 6.16449 5.83115 5.49782 5.16449 4.83115 4.49782 4.49782 4.49782 4.49782
S from Astar: 0 1.88816 3.88744 5.99782 8.16376 10.3297 12.4956 14.606 16.6053 18.4935 20.2705 21.9365 23.4913 24.9906 26.4898 27.9891 
X from Astar: -0.000896706 1.88727 3.88654 5.99692 8.16286 10.3288 12.4947 14.6051 16.6044 18.4926 20.2696 21.9356 23.4904 24.9897 26.4889 27.9882 
Y from Astar: 0 0 0 0 0 0 0 0 0 0 0 0 0 0 0 0 
0
X from QP: -0.000896706 1.88331 3.84103 5.8716 7.95853 10.0761 12.1941 14.2824 16.3157 18.2741 20.1437 21.9175 23.593 25.1706 26.6509 28.0347 
Y from QP: 0 0 0 0 0 0 0 0 0 0 0 0 0 0 0 0 
VX from QP: 5.49782 5.4982 5.49857 5.49895 5.49932 5.4997 5.50007 5.50045 5.50082 5.5012 5.50157 5.50195 5.50232 5.50269 5.50307 5.50344 
VY from QP: 0 0 0 0 0 0 0 0 0 0 0 0 0 0 0 0 
1
X from QP: -0.000896706 1.88837 3.85211 5.8874 7.97686 10.0946 12.2109 14.2962 16.326 18.2807 20.1469 21.918 23.5917 25.1683 26.6486 28.0333 
Y from QP: 0 0 0 0 0 0 0 0 0 0 0 0 0 0 0 0 
VX from QP: 5.49782 5.49825 5.49867 5.4991 5.49952 5.49994 5.50037 5.50079 5.50122 5.50164 5.50206 5.50248 5.50291 5.50333 5.50375 5.50417 
VY from QP: 0 0 0 0 0 0 0 0 0 0 0 0 0 0 0 0 
Now x by QP is: 0.554882
Now y by QP is: 0
Now vx by QP is: 5.61391
Now vy by QP is: 0
0,3,3100,car, x: 0.554882, y: 0, vx: 5.61391, vy: 0, psi_rad: 0,4.67,1.74
1  s_f 6.38  s_b 12.52  t_i 2.9  t_o 5
The formal decision is: 00001 namely is: 1
Final decision is: 00001
The corresponding cost is: -261.837
The cost of the formal decision is: -261.837
Path: 1 0 -1 -1 0 
Total cost: -261.837
V from As: 5.61391 5.94725 6.28058 6.61391 6.61391 6.61391 6.61391 6.28058 5.94725 5.61391 5.28058 4.94725 4.61391 4.61391 4.61391 4.61391
S from Astar: 0 1.92686 3.96483 6.11391 8.31855 10.5232 12.7278 14.8769 16.9149 18.8417 20.6575 22.3621 23.9557 25.4936 27.0316 28.5696 
X from Astar: 0.554882 2.48174 4.51971 6.6688 8.87344 11.0781 13.2827 15.4318 17.4698 19.3966 21.2124 22.917 24.5105 26.0485 27.5865 29.1245 
Y from Astar: 0 0 0 0 0 0 0 0 0 0 0 0 0 0 0 0 
0
X from QP: 0.554882 2.47779 4.47421 6.54347 8.6691 10.8254 12.9821 15.1091 17.1811 19.1782 21.0865 22.8989 24.6132 26.2294 27.7485 29.171 
Y from QP: 0 0 0 0 0 0 0 0 0 0 0 0 0 0 0 0 
VX from QP: 5.61391 5.61429 5.61467 5.61504 5.61542 5.61579 5.61617 5.61654 5.61692 5.61729 5.61767 5.61804 5.61841 5.61879 5.61916 5.61954 
VY from QP: 0 0 0 0 0 0 0 0 0 0 0 0 0 0 0 0 
1
X from QP: 0.554882 2.48287 4.48533 6.55934 8.6875 10.844 12.999 15.123 17.1914 19.1847 21.0897 22.8995 24.6119 26.2272 27.7462 29.1696 
Y from QP: 0 0 0 0 0 0 0 0 0 0 0 0 0 0 0 0 
VX from QP: 5.61391 5.61434 5.61477 5.61519 5.61562 5.61604 5.61646 5.61689 5.61731 5.61774 5.61816 5.61858 5.619 5.61943 5.61985 5.62027 
VY from QP: 0 0 0 0 0 0 0 0 0 0 0 0 0 0 0 0 
Now x by QP is: 1.12227
Now y by QP is: 0
Now vx by QP is: 5.73006
Now vy by QP is: 0
0,3,3200,car, x: 1.12227, y: 0, vx: 5.73006, vy: 0, psi_rad: 0,4.67,1.74
1  s_f 5.81  s_b 11.95  t_i 2.8  t_o 5
The formal decision is: 00001 namely is: 1
Final decision is: 00001
The corresponding cost is: -265.194
The cost of the formal decision is: -265.194
Path: 0 1 -1 -1 0 
Total cost: -265.194
V from As: 5.73006 5.73006 5.73006 5.73006 6.06339 6.39673 6.73006 6.39673 6.06339 5.73006 5.39673 5.06339 4.73006 4.73006 4.73006 4.73006
S from Astar: 0 1.91002 3.82004 5.73006 7.69564 9.77232 11.9601 14.1479 16.2246 18.1902 20.0446 21.788 23.4202 24.9969 26.5736 28.1503 
X from Astar: 1.12227 3.03229 4.94231 6.85233 8.81791 10.8946 13.0824 15.2702 17.3469 19.3125 21.1669 22.9103 24.5425 26.1192 27.6959 29.2726 
Y from Astar: 0 0 0 0 0 0 0 0 0 0 0 0 0 0 0 0 
0
X from QP: 1.12227 3.05005 5.00618 6.99442 9.01181 11.0488 13.0912 15.122 17.1233 19.0782 20.9728 22.7981 24.5491 26.2233 27.8203 29.34 
Y from QP: 0 0 0 0 0 0 0 0 0 0 0 0 0 0 0 0 
VX from QP: 5.73006 5.73018 5.73031 5.73043 5.73056 5.73068 5.73081 5.73093 5.73106 5.73118 5.7313 5.73143 5.73155 5.73168 5.7318 5.73192 
VY from QP: 0 0 0 0 0 0 0 0 0 0 0 0 0 0 0 0 
1
X from QP: 1.12227 3.05513 5.01731 7.0103 9.03022 11.0674 13.1081 15.1359 17.1336 19.0848 20.976 22.7987 24.5478 26.2211 27.818 29.3386 
Y from QP: 0 0 0 0 0 0 0 0 0 0 0 0 0 0 0 0 
VX from QP: 5.73006 5.73023 5.73041 5.73058 5.73076 5.73093 5.7311 5.73128 5.73145 5.73162 5.7318 5.73197 5.73214 5.73231 5.73249 5.73266 
VY from QP: 0 0 0 0 0 0 0 0 0 0 0 0 0 0 0 0 
Now x by QP is: 1.69772
Now y by QP is: 0
Now vx by QP is: 5.77728
Now vy by QP is: 0
0,3,3300,car, x: 1.69772, y: 0, vx: 5.77728, vy: 0, psi_rad: 0,4.67,1.74
1  s_f 5.24  s_b 11.38  t_i 2.7  t_o 5
The formal decision is: 00001 namely is: 1
Final decision is: 00001
The corresponding cost is: -263.988
The cost of the formal decision is: -263.988
Path: 0 1 -1 -1 0 
Total cost: -263.988
V from As: 5.77728 5.77728 5.77728 5.77728 6.11062 6.44395 6.77728 6.44395 6.11062 5.77728 5.44395 5.11062 4.77728 4.77728 4.77728 4.77728
S from Astar: 0 1.92576 3.85152 5.77728 7.7586 9.85103 12.0546 14.2581 16.3505 18.3318 20.2021 21.9611 23.6091 25.2016 26.794 28.3864 
X from Astar: 1.69772 3.62349 5.54925 7.47501 9.45632 11.5488 13.7523 15.9558 18.0483 20.0296 21.8998 23.6589 25.3069 26.8993 28.4917 30.0841 
Y from Astar: 0 0 0 0 0 0 0 0 0 0 0 0 0 0 0 0 
0
X from QP: 1.69772 3.64124 5.61311 7.61709 9.65022 11.703 13.7611 15.8076 17.8247 19.7953 21.7057 23.5467 25.3134 27.0034 28.6161 30.1516 
Y from QP: 0 0 0 0 0 0 0 0 0 0 0 0 0 0 0 0 
VX from QP: 5.77728 5.77741 5.77753 5.77766 5.77778 5.7779 5.77803 5.77815 5.77828 5.7784 5.77853 5.77865 5.77877 5.7789 5.77902 5.77915 
VY from QP: 0 0 0 0 0 0 0 0 0 0 0 0 0 0 0 0 
1
X from QP: 1.69772 3.64329 5.6176 7.6235 9.65765 11.7105 13.7679 15.8132 17.8288 19.798 21.707 23.5469 25.3129 27.0025 28.6152 30.151 
Y from QP: 0 0 0 0 0 0 0 0 0 0 0 0 0 0 0 0 
VX from QP: 5.77728 5.77743 5.77757 5.77772 5.77786 5.778 5.77815 5.77829 5.77844 5.77858 5.77872 5.77887 5.77901 5.77916 5.7793 5.77944 
VY from QP: 0 0 0 0 0 0 0 0 0 0 0 0 0 0 0 0 
Now x by QP is: 2.27751
Now y by QP is: 0
Now vx by QP is: 5.81718
Now vy by QP is: 0
0,3,3400,car, x: 2.27751, y: 0, vx: 5.81718, vy: 0, psi_rad: 0,4.67,1.74
1  s_f 4.66  s_b 10.8  t_i 2.6  t_o 5
The formal decision is: 00001 namely is: 1
Final decision is: 00001
The corresponding cost is: -267.855
The cost of the formal decision is: -267.855
Path: 1 -1 -1 -1 0 
Total cost: -267.855
V from As: 5.81718 6.15051 6.48385 6.81718 6.48385 6.15051 5.81718 5.48385 5.15051 4.81718 4.48385 4.15051 3.81718 3.81718 3.81718 3.81718
S from Astar: 0 1.99462 4.10034 6.31718 8.53402 10.6397 12.6344 14.5179 16.2903 17.9515 19.5017 20.9408 22.2687 23.5411 24.8135 26.0859 
X from Astar: 2.27751 4.27212 6.37785 8.59468 10.8115 12.9172 14.9119 16.7954 18.5678 20.229 21.7792 23.2183 24.5462 25.8186 27.091 28.3634 
Y from Astar: 0 0 0 0 0 0 0 0 0 0 0 0 0 0 0 0 
0
X from QP: 2.27751 4.2562 6.28482 8.35257 10.4355 12.5041 14.5281 16.4801 18.3409 20.0977 21.7443 23.2799 24.7071 26.0298 27.2504 28.3702 
Y from QP: 0 0 0 0 0 0 0 0 0 0 0 0 0 0 0 0 
VX from QP: 5.81718 5.81748 5.81778 5.81807 5.81837 5.81867 5.81897 5.81926 5.81956 5.81986 5.82016 5.82045 5.82075 5.82105 5.82134 5.82164 
VY from QP: 0 0 0 0 0 0 0 0 0 0 0 0 0 0 0 0 
1
X from QP: 2.27751 4.25797 6.2887 8.3581 10.4419 12.5106 14.5339 16.485 18.3445 20.1 21.7454 23.2801 24.7067 26.029 27.2496 28.3697 
Y from QP: 0 0 0 0 0 0 0 0 0 0 0 0 0 0 0 0 
VX from QP: 5.81718 5.81749 5.81781 5.81813 5.81844 5.81876 5.81907 5.81938 5.8197 5.82001 5.82033 5.82064 5.82095 5.82127 5.82158 5.82189 
VY from QP: 0 0 0 0 0 0 0 0 0 0 0 0 0 0 0 0 
Now x by QP is: 2.86366
Now y by QP is: 0
Now vx by QP is: 5.90284
Now vy by QP is: 0
0,3,3500,car, x: 2.86366, y: 0, vx: 5.90284, vy: 0, psi_rad: 0,4.67,1.74
1  s_f 4.07  s_b 10.21  t_i 2.5  t_o 5
The formal decision is: 00001 namely is: 1
Final decision is: 00001
The corresponding cost is: -266.09
The cost of the formal decision is: -266.09
Path: 1 -1 -1 -1 0 
Total cost: -266.09
V from As: 5.90284 6.23618 6.56951 6.90284 6.56951 6.23618 5.90284 5.56951 5.23618 4.90284 4.56951 4.23618 3.90284 3.90284 3.90284 3.90284
S from Astar: 0 2.02317 4.15745 6.40284 8.64824 10.7825 12.8057 14.7177 16.5187 18.2085 19.7873 21.2549 22.6114 23.9123 25.2133 26.5142 
X from Astar: 2.86366 4.88683 7.02111 9.2665 11.5119 13.6462 15.6693 17.5814 19.3824 21.0722 22.6509 24.1185 25.475 26.776 28.0769 29.3779 
Y from Astar: 0 0 0 0 0 0 0 0 0 0 0 0 0 0 0 0 
0
X from QP: 2.86366 4.87091 6.92809 9.02439 11.1358 13.233 15.2855 17.2662 19.1555 20.9409 22.616 24.1801 25.6359 26.9871 28.2363 29.3846 
Y from QP: 0 0 0 0 0 0 0 0 0 0 0 0 0 0 0 0 
VX from QP: 5.90284 5.90314 5.90344 5.90374 5.90404 5.90433 5.90463 5.90493 5.90523 5.90552 5.90582 5.90612 5.90641 5.90671 5.90701 5.9073 
VY from QP: 0 0 0 0 0 0 0 0 0 0 0 0 0 0 0 0 
1
X from QP: 2.86366 4.87463 6.93623 9.03601 11.1493 13.2467 15.2979 17.2763 19.163 20.9457 22.6183 24.1805 25.635 26.9855 28.2346 29.3836 
Y from QP: 0 0 0 0 0 0 0 0 0 0 0 0 0 0 0 0 
VX from QP: 5.90284 5.90318 5.90351 5.90385 5.90418 5.90451 5.90485 5.90518 5.90552 5.90585 5.90618 5.90651 5.90685 5.90718 5.90751 5.90784 
VY from QP: 0 0 0 0 0 0 0 0 0 0 0 0 0 0 0 0 
Now x by QP is: 3.45863
Now y by QP is: 0
Now vx by QP is: 5.99322
Now vy by QP is: 0
0,3,3600,car, x: 3.45863, y: 0, vx: 5.99322, vy: 0, psi_rad: 0,4.67,1.74
1  s_f 3.48  s_b 9.62  t_i 2.4  t_o 5
The formal decision is: 00001 namely is: 1
Final decision is: 00001
The corresponding cost is: -264.149
The cost of the formal decision is: -264.149
Path: 1 -1 -1 -1 0 
Total cost: -264.149
V from As: 5.99322 6.32655 6.65989 6.99322 6.65989 6.32655 5.99322 5.65989 5.32655 4.99322 4.65989 4.32655 3.99322 3.99322 3.99322 3.99322
S from Astar: 0 2.0533 4.2177 6.49322 8.76874 10.9331 12.9864 14.9286 16.7597 18.4797 20.0885 21.5863 22.9729 24.304 25.635 26.9661 
X from Astar: 3.45863 5.51193 7.67633 9.95185 12.2274 14.3918 16.4451 18.3873 20.2183 21.9383 23.5471 25.0449 26.4315 27.7626 29.0937 30.4247 
Y from Astar: 0 0 0 0 0 0 0 0 0 0 0 0 0 0 0 0 
0
X from QP: 3.45863 5.496 7.58331 9.70974 11.8513 13.9786 16.0613 18.072 19.9915 21.807 23.5122 25.1065 26.5924 27.9738 29.253 30.4315 
Y from QP: 0 0 0 0 0 0 0 0 0 0 0 0 0 0 0 0 
VX from QP: 5.99322 5.99352 5.99382 5.99412 5.99441 5.99471 5.99501 5.99531 5.9956 5.9959 5.9962 5.9965 5.99679 5.99709 5.99738 5.99768 
VY from QP: 0 0 0 0 0 0 0 0 0 0 0 0 0 0 0 0 
1
X from QP: 3.45863 5.4999 7.59185 9.72193 11.8654 13.9929 16.0742 18.0827 19.9993 21.812 23.5147 25.1069 26.5914 27.972 29.2513 30.4304 
Y from QP: 0 0 0 0 0 0 0 0 0 0 0 0 0 0 0 0 
VX from QP: 5.99322 5.99356 5.99389 5.99423 5.99457 5.9949 5.99524 5.99557 5.99591 5.99624 5.99658 5.99691 5.99725 5.99758 5.99791 5.99825 
VY from QP: 0 0 0 0 0 0 0 0 0 0 0 0 0 0 0 0 
Now x by QP is: 4.06266
Now y by QP is: 0
Now vx by QP is: 6.08404
Now vy by QP is: 0
0,3,3700,car, x: 4.06266, y: 0, vx: 6.08404, vy: 0, psi_rad: 0,4.67,1.74
1  s_f 2.87  s_b 9.01  t_i 2.3  t_o 5
The formal decision is: 00001 namely is: 1
Final decision is: 00001
The corresponding cost is: -262.116
The cost of the formal decision is: -262.116
Path: 1 -1 -1 -1 0 
Total cost: -262.116
V from As: 6.08404 6.41737 6.7507 7.08404 6.7507 6.41737 6.08404 5.7507 5.41737 5.08404 4.7507 4.41737 4.08404 4.08404 4.08404 4.08404
S from Astar: 0 2.08357 4.27825 6.58404 8.88983 11.0845 13.1681 15.1405 17.0019 18.7521 20.3912 21.9192 23.3361 24.6975 26.0588 27.4202 
X from Astar: 4.06266 6.14623 8.34091 10.6467 12.9525 15.1472 17.2307 19.2032 21.0645 22.8148 24.4539 25.9819 27.3988 28.7602 30.1215 31.4828 
Y from Astar: 0 0 0 0 0 0 0 0 0 0 0 0 0 0 0 0 
0
X from QP: 4.06266 6.13031 8.24789 10.4046 12.5764 14.734 16.8469 18.888 20.8377 22.6834 24.419 26.0435 27.5597 28.9713 30.2809 31.4896 
Y from QP: 0 0 0 0 0 0 0 0 0 0 0 0 0 0 0 0 
VX from QP: 6.08404 6.08434 6.08463 6.08493 6.08523 6.08553 6.08583 6.08612 6.08642 6.08672 6.08702 6.08731 6.08761 6.0879 6.0882 6.0885 
VY from QP: 0 0 0 0 0 0 0 0 0 0 0 0 0 0 0 0 
1
X from QP: 4.06266 6.13423 8.25646 10.4168 12.5906 14.7484 16.8599 18.8987 20.8456 22.6885 24.4214 26.0439 27.5587 28.9696 30.2791 31.4885 
Y from QP: 0 0 0 0 0 0 0 0 0 0 0 0 0 0 0 0 
VX from QP: 6.08404 6.08437 6.08471 6.08505 6.08538 6.08572 6.08605 6.08639 6.08672 6.08706 6.08739 6.08773 6.08806 6.0884 6.08873 6.08906 
VY from QP: 0 0 0 0 0 0 0 0 0 0 0 0 0 0 0 0 
Now x by QP is: 4.67578
Now y by QP is: 0
Now vx by QP is: 6.17489
Now vy by QP is: 0
0,3,3800,car, x: 4.67578, y: 0, vx: 6.17489, vy: 0, psi_rad: 0,4.67,1.74
1  s_f 2.26  s_b 8.4  t_i 2.2  t_o 5
The formal decision is: 00001 namely is: 1
Final decision is: 00001
The corresponding cost is: -277.349
The cost of the formal decision is: -277.349
Path: 0 0 -1 -1 0 
Total cost: -277.349
V from As: 6.17489 6.17489 6.17489 6.17489 6.17489 6.17489 6.17489 5.84156 5.50823 5.17489 4.84156 4.50823 4.17489 4.17489 4.17489 4.17489
S from Astar: 0 2.0583 4.1166 6.17489 8.23319 10.2915 12.3498 14.3525 16.2442 18.0247 19.6941 21.2524 22.6996 24.0912 25.4828 26.8745 
X from Astar: 4.67578 6.73408 8.79238 10.8507 12.909 14.9673 17.0256 19.0283 20.9199 22.7005 24.3699 25.9282 27.3754 28.767 30.1586 31.5503 
Y from Astar: 0 0 0 0 0 0 0 0 0 0 0 0 0 0 0 0 
0
X from QP: 4.67578 6.73986 8.80873 10.876 12.9311 14.961 16.9512 18.8876 20.7582 22.5533 24.2667 25.8957 27.4402 28.9014 30.2804 31.5779 
Y from QP: 0 0 0 0 0 0 0 0 0 0 0 0 0 0 0 0 
VX from QP: 6.17489 6.17494 6.17499 6.17504 6.17508 6.17513 6.17518 6.17522 6.17527 6.17532 6.17536 6.17541 6.17546 6.1755 6.17555 6.1756 
VY from QP: 0 0 0 0 0 0 0 0 0 0 0 0 0 0 0 0 
1
X from QP: 4.67578 6.74378 8.81731 10.8882 12.9453 14.9754 16.9642 18.8983 20.7661 22.5584 24.2692 25.8961 27.4392 28.8996 30.2786 31.5769 
Y from QP: 0 0 0 0 0 0 0 0 0 0 0 0 0 0 0 0 
VX from QP: 6.17489 6.17498 6.17506 6.17515 6.17523 6.17532 6.1754 6.17549 6.17557 6.17566 6.17574 6.17583 6.17591 6.176 6.17608 6.17616 
VY from QP: 0 0 0 0 0 0 0 0 0 0 0 0 0 0 0 0 
Now x by QP is: 5.29443
Now y by QP is: 0
Now vx by QP is: 6.19683
Now vy by QP is: 0
0,3,3900,car, x: 5.29443, y: 0, vx: 6.19683, vy: 0, psi_rad: 0,4.67,1.74
1  s_f 1.64  s_b 7.78  t_i 2.1  t_o 5
The formal decision is: 00001 namely is: 1
Final decision is: 00001
The corresponding cost is: -276.87
The cost of the formal decision is: -276.87
Path: 0 0 -1 -1 0 
Total cost: -276.87
V from As: 6.19683 6.19683 6.19683 6.19683 6.19683 6.19683 6.19683 5.86349 5.53016 5.19683 4.86349 4.53016 4.19683 4.19683 4.19683 4.19683
S from Astar: 0 2.06561 4.13122 6.19683 8.26244 10.328 12.3937 14.4037 16.3027 18.0905 19.7672 21.3328 22.7873 24.1863 25.5852 26.9841 
X from Astar: 5.29443 7.36004 9.42564 11.4913 13.5569 15.6225 17.6881 19.6981 21.5971 23.3849 25.0616 26.6272 28.0817 29.4807 30.8796 32.2786 
Y from Astar: 0 0 0 0 0 0 0 0 0 0 0 0 0 0 0 0 
0
X from QP: 5.29443 7.36582 9.442 11.5166 13.579 15.6162 17.6137 19.5574 21.4353 23.2378 24.9585 26.5947 28.1466 29.6151 31.0014 32.3063 
Y from QP: 0 0 0 0 0 0 0 0 0 0 0 0 0 0 0 0 
VX from QP: 6.19683 6.19687 6.19692 6.19697 6.19702 6.19706 6.19711 6.19716 6.1972 6.19725 6.1973 6.19734 6.19739 6.19744 6.19748 6.19753 
VY from QP: 0 0 0 0 0 0 0 0 0 0 0 0 0 0 0 0 
1
X from QP: 5.29443 7.36671 9.44394 11.5193 13.5823 15.6195 17.6166 19.5598 21.4371 23.2389 24.959 26.5948 28.1463 29.6147 31.001 32.306 
Y from QP: 0 0 0 0 0 0 0 0 0 0 0 0 0 0 0 0 
VX from QP: 6.19683 6.19688 6.19694 6.19699 6.19705 6.19711 6.19716 6.19722 6.19727 6.19733 6.19738 6.19744 6.19749 6.19755 6.1976 6.19766 
VY from QP: 0 0 0 0 0 0 0 0 0 0 0 0 0 0 0 0 
Now x by QP is: 5.91487
Now y by QP is: 0
Now vx by QP is: 6.21143
Now vy by QP is: 0
0,4,4000,car, x: 5.91487, y: 0, vx: 6.21143, vy: 0, psi_rad: 0,4.67,1.74
1  s_f 1.02  s_b 7.16  t_i 2  t_o 5
The formal decision is: 00001 namely is: 1
Final decision is: 00001
The corresponding cost is: -276.548
The cost of the formal decision is: -276.548
Path: 0 0 -1 -1 0 
Total cost: -276.548
V from As: 6.21143 6.21143 6.21143 6.21143 6.21143 6.21143 6.21143 5.8781 5.54477 5.21143 4.8781 4.54477 4.21143 4.21143 4.21143 4.21143
S from Astar: 0 2.07048 4.14096 6.21143 8.28191 10.3524 12.4229 14.4378 16.3416 18.1343 19.8159 21.3864 22.8457 24.2495 25.6534 27.0572 
X from Astar: 5.91487 7.98535 10.0558 12.1263 14.1968 16.2673 18.3377 20.3527 22.2565 24.0492 25.7308 27.3012 28.7606 30.1644 31.5682 32.972 
Y from Astar: 0 0 0 0 0 0 0 0 0 0 0 0 0 0 0 0 
0
X from QP: 5.91487 7.99114 10.0722 12.1516 14.219 16.261 18.2634 20.2119 22.0947 23.902 25.6276 27.2688 28.8254 30.2988 31.69 32.9997 
Y from QP: 0 0 0 0 0 0 0 0 0 0 0 0 0 0 0 0 
VX from QP: 6.21143 6.21148 6.21153 6.21158 6.21162 6.21167 6.21172 6.21176 6.21181 6.21186 6.2119 6.21195 6.212 6.21204 6.21209 6.21214 
VY from QP: 0 0 0 0 0 0 0 0 0 0 0 0 0 0 0 0 
1
X from QP: 5.91487 7.99175 10.0735 12.1535 14.2212 16.2632 18.2654 20.2136 22.0959 23.9028 25.628 27.2688 28.8253 30.2985 31.6897 32.9996 
Y from QP: 0 0 0 0 0 0 0 0 0 0 0 0 0 0 0 0 
VX from QP: 6.21143 6.21149 6.21154 6.21159 6.21165 6.2117 6.21175 6.2118 6.21186 6.21191 6.21196 6.21201 6.21207 6.21212 6.21217 6.21222 
VY from QP: 0 0 0 0 0 0 0 0 0 0 0 0 0 0 0 0 
Now x by QP is: 6.53675
Now y by QP is: 0
Now vx by QP is: 6.22536
Now vy by QP is: 0
0,4,4100,car, x: 6.53675, y: 0, vx: 6.22536, vy: 0, psi_rad: 0,4.67,1.74
1  s_f 0.4  s_b 6.54  t_i 1.9  t_o 4.9
The formal decision is: 00001 namely is: 1
Final decision is: 00001
The corresponding cost is: -276.239
The cost of the formal decision is: -276.239
Path: 0 0 -1 -1 0 
Total cost: -276.239
V from As: 6.22536 6.22536 6.22536 6.22536 6.22536 6.22536 6.22536 5.89203 5.55869 5.22536 4.89203 4.55869 4.22536 4.22536 4.22536 4.22536
S from Astar: 0 2.07512 4.15024 6.22536 8.30048 10.3756 12.4507 14.4703 16.3787 18.1761 19.8623 21.4374 22.9014 24.3099 25.7183 27.1268 
X from Astar: 6.53675 8.61187 10.687 12.7621 14.8372 16.9123 18.9875 21.007 22.9155 24.7128 26.3991 27.9742 29.4382 30.8466 32.2551 33.6635 
Y from Astar: 0 0 0 0 0 0 0 0 0 0 0 0 0 0 0 0 
0
X from QP: 6.53675 8.61765 10.7033 12.7874 14.8594 16.9061 18.9131 20.8663 22.7537 24.5657 26.2959 27.9417 29.503 30.981 32.3769 33.6912 
Y from QP: 0 0 0 0 0 0 0 0 0 0 0 0 0 0 0 0 
VX from QP: 6.22536 6.22541 6.22545 6.2255 6.22555 6.22559 6.22564 6.22569 6.22574 6.22578 6.22583 6.22588 6.22592 6.22597 6.22602 6.22606 
VY from QP: 0 0 0 0 0 0 0 0 0 0 0 0 0 0 0 0 
1
X from QP: 6.53675 8.61823 10.7046 12.7892 14.8615 16.9082 18.915 20.8679 22.7549 24.5664 26.2962 27.9417 29.5029 30.9808 32.3766 33.6911 
Y from QP: 0 0 0 0 0 0 0 0 0 0 0 0 0 0 0 0 
VX from QP: 6.22536 6.22541 6.22547 6.22552 6.22557 6.22562 6.22568 6.22573 6.22578 6.22583 6.22589 6.22594 6.22599 6.22604 6.22609 6.22615 
VY from QP: 0 0 0 0 0 0 0 0 0 0 0 0 0 0 0 0 
Now x by QP is: 7.16001
Now y by QP is: 0
Now vx by QP is: 6.23922
Now vy by QP is: 0
0,4,4200,car, x: 7.16001, y: 0, vx: 6.23922, vy: 0, psi_rad: 0,4.67,1.74
1  s_f 0  s_b 5.91  t_i 1.8  t_o 4.8
The formal decision is: 00001 namely is: 1
Final decision is: 00001
The corresponding cost is: -284.886
The cost of the formal decision is: -284.886
Path: 0 -1 -1 0 0 
Total cost: -284.886
V from As: 6.23922 6.23922 6.23922 6.23922 5.90589 5.57256 5.23922 4.90589 4.57256 4.23922 4.23922 4.23922 4.23922 4.23922 4.23922 4.23922
S from Astar: 0 2.07974 4.15948 6.23922 8.26341 10.1765 11.9784 13.6693 15.249 16.7177 18.1307 19.5438 20.9569 22.37 23.783 25.1961 
X from Astar: 7.16001 9.23975 11.3195 13.3992 15.4234 17.3365 19.1385 20.8293 22.409 23.8777 25.2908 26.7038 28.1169 29.53 30.943 32.3561 
Y from Astar: 0 0 0 0 0 0 0 0 0 0 0 0 0 0 0 0 
0
X from QP: 7.16001 9.23033 11.2774 13.2853 15.2387 17.125 18.9353 20.6657 22.3178 23.8972 25.4123 26.8719 28.2845 29.657 30.9928 32.2934 
Y from QP: 0 0 0 0 0 0 0 0 0 0 0 0 0 0 0 0 
VX from QP: 6.23922 6.23917 6.23911 6.23906 6.23901 6.23895 6.2389 6.23884 6.23879 6.23874 6.23868 6.23863 6.23857 6.23852 6.23846 6.23841 
VY from QP: 0 0 0 0 0 0 0 0 0 0 0 0 0 0 0 0 
1
X from QP: 7.16001 9.23091 11.2786 13.2871 15.2408 17.1271 18.9372 20.6673 22.3189 23.898 25.4126 26.8719 28.2844 29.6567 30.9925 32.2932 
Y from QP: 0 0 0 0 0 0 0 0 0 0 0 0 0 0 0 0 
VX from QP: 6.23922 6.23917 6.23913 6.23908 6.23903 6.23898 6.23893 6.23888 6.23883 6.23879 6.23874 6.23869 6.23864 6.23859 6.23854 6.23849 
VY from QP: 0 0 0 0 0 0 0 0 0 0 0 0 0 0 0 0 
Now x by QP is: 7.78318
Now y by QP is: 0
Now vx by QP is: 6.22407
Now vy by QP is: 0
0,4,4300,car, x: 7.78318, y: 0, vx: 6.22407, vy: 0, psi_rad: 0,4.67,1.74
1  s_f 0  s_b 5.29  t_i 1.7  t_o 4.7
The formal decision is: 00001 namely is: 1
Final decision is: 00001
The corresponding cost is: -285.164
The cost of the formal decision is: -285.164
Path: 0 -1 -1 0 0 
Total cost: -285.164
V from As: 6.22407 6.22407 6.22407 6.22407 5.89073 5.5574 5.22407 4.89073 4.5574 4.22407 4.22407 4.22407 4.22407 4.22407 4.22407 4.22407
S from Astar: 0 2.07469 4.14938 6.22407 8.2432 10.1512 11.9481 13.6339 15.2086 16.6722 18.0802 19.4883 20.8963 22.3043 23.7123 25.1203 
X from Astar: 7.78318 9.85787 11.9326 14.0073 16.0264 17.9344 19.7313 21.4171 22.9918 24.4554 25.8634 27.2714 28.6795 30.0875 31.4955 32.9035 
Y from Astar: 0 0 0 0 0 0 0 0 0 0 0 0 0 0 0 0 
0
X from QP: 7.78318 9.84846 11.8905 13.8933 15.8417 17.7229 19.5282 21.2535 22.9005 24.475 25.9849 27.4395 28.8471 30.2145 31.5453 32.8408 
Y from QP: 0 0 0 0 0 0 0 0 0 0 0 0 0 0 0 0 
VX from QP: 6.22407 6.22401 6.22396 6.22391 6.22385 6.2238 6.22374 6.22369 6.22364 6.22358 6.22353 6.22347 6.22342 6.22336 6.22331 6.22326 
VY from QP: 0 0 0 0 0 0 0 0 0 0 0 0 0 0 0 0 
1
X from QP: 7.78318 9.84769 11.8888 13.8909 15.8389 17.7201 19.5256 21.2514 22.899 24.474 25.9845 27.4394 28.8473 30.2148 31.5456 32.841 
Y from QP: 0 0 0 0 0 0 0 0 0 0 0 0 0 0 0 0 
VX from QP: 6.22407 6.22401 6.22395 6.22388 6.22382 6.22376 6.2237 6.22364 6.22358 6.22351 6.22345 6.22339 6.22333 6.22327 6.22321 6.22315 
VY from QP: 0 0 0 0 0 0 0 0 0 0 0 0 0 0 0 0 
Now x by QP is: 8.40467
Now y by QP is: 0
Now vx by QP is: 6.20566
Now vy by QP is: 0
0,4,4400,car, x: 8.40467, y: 0, vx: 6.20566, vy: 0, psi_rad: 0,4.67,1.74
1  s_f 0  s_b 4.67  t_i 1.6  t_o 4.6
The formal decision is: 00001 namely is: 1
Final decision is: 00001
The corresponding cost is: -285.498
The cost of the formal decision is: -285.498
Path: 0 -1 -1 0 0 
Total cost: -285.498
V from As: 6.20566 6.20566 6.20566 6.20566 5.87233 5.539 5.20566 4.87233 4.539 4.20566 4.20566 4.20566 4.20566 4.20566 4.20566 4.20566
S from Astar: 0 2.06855 4.13711 6.20566 8.21866 10.1206 11.9113 13.591 15.1595 16.617 18.0189 19.4208 20.8227 22.2245 23.6264 25.0283 
X from Astar: 8.40467 10.4732 12.5418 14.6103 16.6233 18.5252 20.316 21.9957 23.5642 25.0217 26.4235 27.8254 29.2273 30.6292 32.0311 33.433 
Y from Astar: 0 0 0 0 0 0 0 0 0 0 0 0 0 0 0 0 
0
X from QP: 8.40467 10.4638 12.4997 14.4964 16.4386 18.3137 20.1129 21.8321 23.4729 25.0412 26.5451 27.9935 29.395 30.7562 32.0809 33.3702 
Y from QP: 0 0 0 0 0 0 0 0 0 0 0 0 0 0 0 0 
VX from QP: 6.20566 6.20561 6.20556 6.2055 6.20545 6.20539 6.20534 6.20529 6.20523 6.20518 6.20512 6.20507 6.20501 6.20496 6.20491 6.20485 
VY from QP: 0 0 0 0 0 0 0 0 0 0 0 0 0 0 0 0 
1
X from QP: 8.40467 10.4629 12.4977 14.4936 16.4354 18.3104 20.1099 21.8296 23.4711 25.0401 26.5445 27.9934 29.3952 30.7566 32.0813 33.3705 
Y from QP: 0 0 0 0 0 0 0 0 0 0 0 0 0 0 0 0 
VX from QP: 6.20566 6.2056 6.20554 6.20548 6.20541 6.20535 6.20529 6.20522 6.20516 6.2051 6.20504 6.20497 6.20491 6.20485 6.20479 6.20472 
VY from QP: 0 0 0 0 0 0 0 0 0 0 0 0 0 0 0 0 
Now x by QP is: 9.0243
Now y by QP is: 0
Now vx by QP is: 6.18696
Now vy by QP is: 0
0,4,4500,car, x: 9.0243, y: 0, vx: 6.18696, vy: 0, psi_rad: 0,4.67,1.74
1  s_f 0  s_b 4.05  t_i 1.5  t_o 4.5
The formal decision is: 00001 namely is: 1
Final decision is: 00001
The corresponding cost is: -285.834
The cost of the formal decision is: -285.834
Path: 0 -1 -1 0 0 
Total cost: -285.834
V from As: 6.18696 6.18696 6.18696 6.18696 5.85362 5.52029 5.18696 4.85362 4.52029 4.18696 4.18696 4.18696 4.18696 4.18696 4.18696 4.18696
S from Astar: 0 2.06232 4.12464 6.18696 8.19372 10.0894 11.8739 13.5473 15.1097 16.5609 17.9565 19.3522 20.7478 22.1435 23.5391 24.9348 
X from Astar: 9.0243 11.0866 13.1489 15.2113 17.218 19.1137 20.8982 22.5716 24.134 25.5852 26.9808 28.3765 29.7721 31.1678 32.5634 33.9591 
Y from Astar: 0 0 0 0 0 0 0 0 0 0 0 0 0 0 0 0 
0
X from QP: 9.0243 11.0772 13.1068 15.0973 17.0333 18.9021 20.6951 22.408 24.0427 25.6047 27.1024 28.5445 29.9398 31.2948 32.6132 33.8963 
Y from QP: 0 0 0 0 0 0 0 0 0 0 0 0 0 0 0 0 
VX from QP: 6.18696 6.1869 6.18685 6.1868 6.18674 6.18669 6.18663 6.18658 6.18652 6.18647 6.18642 6.18636 6.18631 6.18625 6.1862 6.18615 
VY from QP: 0 0 0 0 0 0 0 0 0 0 0 0 0 0 0 0 
1
X from QP: 9.0243 11.0763 13.1049 15.0945 17.03 18.8988 20.6921 22.4056 24.0409 25.6036 27.1018 28.5444 29.94 31.2952 32.6136 33.8966 
Y from QP: 0 0 0 0 0 0 0 0 0 0 0 0 0 0 0 0 
VX from QP: 6.18696 6.1869 6.18683 6.18677 6.18671 6.18664 6.18658 6.18652 6.18645 6.18639 6.18633 6.18627 6.1862 6.18614 6.18608 6.18602 
VY from QP: 0 0 0 0 0 0 0 0 0 0 0 0 0 0 0 0 
Now x by QP is: 9.64206
Now y by QP is: 0
Now vx by QP is: 6.16822
Now vy by QP is: 0
0,4,4600,car, x: 9.64206, y: 0, vx: 6.16822, vy: 0, psi_rad: 0,4.67,1.74
1  s_f 0  s_b 3.43  t_i 1.4  t_o 4.4
The formal decision is: 00001 namely is: 1
Final decision is: 00001
The corresponding cost is: -286.167
The cost of the formal decision is: -286.167
Path: 0 -1 -1 0 0 
Total cost: -286.167
V from As: 6.16822 6.16822 6.16822 6.16822 5.83489 5.50156 5.16822 4.83489 4.50156 4.16822 4.16822 4.16822 4.16822 4.16822 4.16822 4.16822
S from Astar: 0 2.05607 4.11215 6.16822 8.16874 10.0582 11.8364 13.5036 15.0597 16.5047 17.8941 19.2835 20.6729 22.0623 23.4517 24.8411 
X from Astar: 9.64206 11.6981 13.7542 15.8103 17.8108 19.7002 21.4785 23.1457 24.7018 26.1467 27.5361 28.9255 30.3149 31.7044 33.0938 34.4832 
Y from Astar: 0 0 0 0 0 0 0 0 0 0 0 0 0 0 0 0 
0
X from QP: 9.64206 11.6887 13.7121 15.6964 17.6261 19.4887 21.2754 22.9821 24.6105 26.1663 27.6577 29.0936 30.4826 31.8314 33.1435 34.4204 
Y from QP: 0 0 0 0 0 0 0 0 0 0 0 0 0 0 0 0 
VX from QP: 6.16822 6.16817 6.16812 6.16806 6.16801 6.16795 6.1679 6.16784 6.16779 6.16774 6.16768 6.16763 6.16757 6.16752 6.16747 6.16741 
VY from QP: 0 0 0 0 0 0 0 0 0 0 0 0 0 0 0 0 
1
X from QP: 9.64206 11.6878 13.7101 15.6935 17.6228 19.4854 21.2724 22.9796 24.6087 26.1651 27.6571 29.0935 30.4828 31.8318 33.1439 34.4207 
Y from QP: 0 0 0 0 0 0 0 0 0 0 0 0 0 0 0 0 
VX from QP: 6.16822 6.16816 6.1681 6.16804 6.16797 6.16791 6.16785 6.16778 6.16772 6.16766 6.16759 6.16753 6.16747 6.16741 6.16734 6.16728 
VY from QP: 0 0 0 0 0 0 0 0 0 0 0 0 0 0 0 0 
Now x by QP is: 10.2579
Now y by QP is: 0
Now vx by QP is: 6.14949
Now vy by QP is: 0
0,4,4700,car, x: 10.2579, y: 0, vx: 6.14949, vy: 0, psi_rad: 0,4.67,1.74
1  s_f 0  s_b 2.82  t_i 1.3  t_o 4.3
The formal decision is: 00001 namely is: 1
Final decision is: 00001
The corresponding cost is: -286.496
The cost of the formal decision is: -286.496
Path: 0 -1 -1 0 0 
Total cost: -286.496
V from As: 6.14949 6.14949 6.14949 6.14949 5.81615 5.48282 5.14949 4.81615 4.48282 4.14949 4.14949 4.14949 4.14949 4.14949 4.14949 4.14949
S from Astar: 0 2.04983 4.09966 6.14949 8.14376 10.0269 11.799 13.4599 15.0097 16.4485 17.8316 19.2148 20.5979 21.9811 23.3643 24.7474 
X from Astar: 10.2579 12.3078 14.3576 16.4074 18.4017 20.2849 22.0569 23.7179 25.2677 26.7064 28.0896 29.4727 30.8559 32.239 33.6222 35.0054 
Y from Astar: 0 0 0 0 0 0 0 0 0 0 0 0 0 0 0 0 
0
X from QP: 10.2579 12.2984 14.3155 16.2935 18.217 20.0733 21.8538 23.5543 25.1764 26.726 28.2111 29.6408 31.0235 32.3661 33.672 34.9426 
Y from QP: 0 0 0 0 0 0 0 0 0 0 0 0 0 0 0 0 
VX from QP: 6.14949 6.14943 6.14938 6.14932 6.14927 6.14922 6.14916 6.14911 6.14905 6.149 6.14895 6.14889 6.14884 6.14878 6.14873 6.14867 
VY from QP: 0 0 0 0 0 0 0 0 0 0 0 0 0 0 0 0 
1
X from QP: 10.2579 12.2974 14.3135 16.2907 18.2137 20.07 21.8508 23.5518 25.1746 26.7248 28.2105 29.6407 31.0237 32.3665 33.6724 34.9429 
Y from QP: 0 0 0 0 0 0 0 0 0 0 0 0 0 0 0 0 
VX from QP: 6.14949 6.14942 6.14936 6.1493 6.14924 6.14917 6.14911 6.14905 6.14898 6.14892 6.14886 6.1488 6.14873 6.14867 6.14861 6.14854 
VY from QP: 0 0 0 0 0 0 0 0 0 0 0 0 0 0 0 0 
Now x by QP is: 10.8719
Now y by QP is: 0
Now vx by QP is: 6.13075
Now vy by QP is: 0
0,4,4800,car, x: 10.8719, y: 0, vx: 6.13075, vy: 0, psi_rad: 0,4.67,1.74
1  s_f 0  s_b 2.2  t_i 1.2  t_o 4.2
The formal decision is: 00001 namely is: 1
Final decision is: 00001
The corresponding cost is: -286.823
The cost of the formal decision is: -286.823
Path: 0 -1 -1 0 0 
Total cost: -286.823
V from As: 6.13075 6.13075 6.13075 6.13075 5.79742 5.46408 5.13075 4.79742 4.46408 4.13075 4.13075 4.13075 4.13075 4.13075 4.13075 4.13075
S from Astar: 0 2.04358 4.08717 6.13075 8.11878 9.99569 11.7615 13.4162 14.9598 16.3922 17.7692 19.1461 20.523 21.8999 23.2768 24.6537 
X from Astar: 10.8719 12.9155 14.9591 17.0027 18.9907 20.8676 22.6334 24.2881 25.8317 27.2642 28.6411 30.018 31.3949 32.7719 34.1488 35.5257 
Y from Astar: 0 0 0 0 0 0 0 0 0 0 0 0 0 0 0 0 
0
X from QP: 10.8719 12.9061 14.917 16.8888 18.806 20.6561 22.4303 24.1245 25.7405 27.2838 28.7626 30.1861 31.5626 32.8989 34.1985 35.4629 
Y from QP: 0 0 0 0 0 0 0 0 0 0 0 0 0 0 0 0 
VX from QP: 6.13075 6.1307 6.13064 6.13059 6.13053 6.13048 6.13043 6.13037 6.13032 6.13026 6.13021 6.13015 6.1301 6.13005 6.12999 6.12994 
VY from QP: 0 0 0 0 0 0 0 0 0 0 0 0 0 0 0 0 
1
X from QP: 10.8719 12.9052 14.915 16.8859 18.8027 20.6528 22.4273 24.1221 25.7386 27.2826 28.7621 30.186 31.5628 32.8993 34.1989 35.4632 
Y from QP: 0 0 0 0 0 0 0 0 0 0 0 0 0 0 0 0 
VX from QP: 6.13075 6.13069 6.13062 6.13056 6.1305 6.13044 6.13037 6.13031 6.13025 6.13018 6.13012 6.13006 6.13 6.12993 6.12987 6.12981 
VY from QP: 0 0 0 0 0 0 0 0 0 0 0 0 0 0 0 0 
Now x by QP is: 11.4841
Now y by QP is: 0
Now vx by QP is: 6.11201
Now vy by QP is: 0
0,4,4900,car, x: 11.4841, y: 0, vx: 6.11201, vy: 0, psi_rad: 0,4.67,1.74
1  s_f 0  s_b 1.59  t_i 1.1  t_o 4.1
The formal decision is: 00001 namely is: 1
Final decision is: 00001
The corresponding cost is: -287.145
The cost of the formal decision is: -287.145
Path: 0 -1 -1 0 0 
Total cost: -287.145
V from As: 6.11201 6.11201 6.11201 6.11201 5.77868 5.44535 5.11201 4.77868 4.44535 4.11201 4.11201 4.11201 4.11201 4.11201 4.11201 4.11201
S from Astar: 0 2.03734 4.07468 6.11201 8.09379 9.96447 11.724 13.3725 14.9098 16.336 17.7067 19.0774 20.4481 21.8187 23.1894 24.5601 
X from Astar: 11.4841 13.5214 15.5588 17.5961 19.5779 21.4485 23.2081 24.8566 26.3939 27.8201 29.1908 30.5615 31.9321 33.3028 34.6735 36.0441 
Y from Astar: 0 0 0 0 0 0 0 0 0 0 0 0 0 0 0 0 
0
X from QP: 11.4841 13.512 15.5167 17.4822 19.3931 21.237 23.005 24.693 26.3026 27.8397 29.3123 30.7295 32.0998 33.4298 34.7232 35.9814 
Y from QP: 0 0 0 0 0 0 0 0 0 0 0 0 0 0 0 0 
VX from QP: 6.11201 6.11196 6.1119 6.11185 6.1118 6.11174 6.11169 6.11163 6.11158 6.11153 6.11147 6.11142 6.11136 6.11131 6.11125 6.1112 
VY from QP: 0 0 0 0 0 0 0 0 0 0 0 0 0 0 0 0 
1
X from QP: 11.4841 13.5111 15.5147 17.4793 19.3899 21.2337 23.002 24.6905 26.3008 27.8385 29.3117 30.7294 32.1 33.4302 34.7236 35.9816 
Y from QP: 0 0 0 0 0 0 0 0 0 0 0 0 0 0 0 0 
VX from QP: 6.11201 6.11195 6.11189 6.11182 6.11176 6.1117 6.11164 6.11157 6.11151 6.11145 6.11138 6.11132 6.11126 6.1112 6.11113 6.11107 
VY from QP: 0 0 0 0 0 0 0 0 0 0 0 0 0 0 0 0 
Now x by QP is: 12.0943
Now y by QP is: 0
Now vx by QP is: 6.09328
Now vy by QP is: 0
0,5,5000,car, x: 12.0943, y: 0, vx: 6.09328, vy: 0, psi_rad: 0,4.67,1.74
1  s_f 0  s_b 0.98  t_i 1  t_o 4
The formal decision is: 00001 namely is: 1
Final decision is: 00001
The corresponding cost is: -287.464
The cost of the formal decision is: -287.464
Path: 0 -1 -1 0 0 
Total cost: -287.464
V from As: 6.09328 6.09328 6.09328 6.09328 5.75994 5.42661 5.09328 4.75994 4.42661 4.09328 4.09328 4.09328 4.09328 4.09328 4.09328 4.09328
S from Astar: 0 2.03109 4.06218 6.09328 8.06881 9.93324 11.6866 13.3288 14.8598 16.2798 17.6443 19.0087 20.3731 21.7375 23.102 24.4664 
X from Astar: 12.0943 14.1254 16.1565 18.1876 20.1632 22.0276 23.7809 25.4231 26.9542 28.3742 29.7386 31.103 32.4674 33.8319 35.1963 36.5607 
Y from Astar: 0 0 0 0 0 0 0 0 0 0 0 0 0 0 0 0 
0
X from QP: 12.0943 14.116 16.1144 18.0737 19.9784 21.8161 23.5778 25.2595 26.8629 28.3937 29.8601 31.2711 32.6351 33.9589 35.2461 36.498 
Y from QP: 0 0 0 0 0 0 0 0 0 0 0 0 0 0 0 0 
VX from QP: 6.09328 6.09322 6.09317 6.09311 6.09306 6.09301 6.09295 6.0929 6.09284 6.09279 6.09273 6.09268 6.09263 6.09257 6.09252 6.09246 
VY from QP: 0 0 0 0 0 0 0 0 0 0 0 0 0 0 0 0 
1
X from QP: 12.0943 14.1151 16.1124 18.0709 19.9752 21.8127 23.5748 25.257 26.8611 28.3926 29.8596 31.271 32.6353 33.9593 35.2465 36.4982 
Y from QP: 0 0 0 0 0 0 0 0 0 0 0 0 0 0 0 0 
VX from QP: 6.09328 6.09321 6.09315 6.09309 6.09302 6.09296 6.0929 6.09284 6.09277 6.09271 6.09265 6.09258 6.09252 6.09246 6.0924 6.09233 
VY from QP: 0 0 0 0 0 0 0 0 0 0 0 0 0 0 0 0 
Now x by QP is: 12.7027
Now y by QP is: 0
Now vx by QP is: 6.07454
Now vy by QP is: 0
0,5,5100,car, x: 12.7027, y: 0, vx: 6.07454, vy: 0, psi_rad: 0,4.67,1.74
1  s_f 0  s_b 0.37  t_i 0.9  t_o 3.9
The formal decision is: 00001 namely is: 1
Final decision is: 00001
The corresponding cost is: -287.78
The cost of the formal decision is: -287.78
Path: 0 -1 -1 0 0 
Total cost: -287.78
V from As: 6.07454 6.07454 6.07454 6.07454 5.74121 5.40787 5.07454 4.74121 4.40787 4.07454 4.07454 4.07454 4.07454 4.07454 4.07454 4.07454
S from Astar: 0 2.02485 4.04969 6.07454 8.04383 9.90201 11.6491 13.285 14.8099 16.2236 17.5818 18.94 20.2982 21.6563 23.0145 24.3727 
X from Astar: 12.7027 14.7276 16.7524 18.7773 20.7466 22.6047 24.3518 25.9878 27.5126 28.9264 30.2845 31.6427 33.0009 34.3591 35.7172 37.0754 
Y from Astar: 0 0 0 0 0 0 0 0 0 0 0 0 0 0 0 0 
0
X from QP: 12.7027 14.7182 16.7103 18.6633 20.5618 22.3932 24.1487 25.8242 27.4213 28.9459 30.4061 31.8108 33.1685 34.4861 35.767 37.0127 
Y from QP: 0 0 0 0 0 0 0 0 0 0 0 0 0 0 0 0 
VX from QP: 6.07454 6.07448 6.07443 6.07438 6.07432 6.07427 6.07421 6.07416 6.07411 6.07405 6.074 6.07394 6.07389 6.07383 6.07378 6.07373 
VY from QP: 0 0 0 0 0 0 0 0 0 0 0 0 0 0 0 0 
1
X from QP: 12.7027 14.7173 16.7083 18.6605 20.5586 22.3899 24.1457 25.8217 27.4195 28.9448 30.4055 31.8107 33.1687 34.4865 35.7674 37.0129 
Y from QP: 0 0 0 0 0 0 0 0 0 0 0 0 0 0 0 0 
VX from QP: 6.07454 6.07448 6.07441 6.07435 6.07429 6.07422 6.07416 6.0741 6.07404 6.07397 6.07391 6.07385 6.07378 6.07372 6.07366 6.0736 
VY from QP: 0 0 0 0 0 0 0 0 0 0 0 0 0 0 0 0 
Now x by QP is: 13.3092
Now y by QP is: 0
Now vx by QP is: 6.0558
Now vy by QP is: 0
0,5,5200,car, x: 13.3092, y: 0, vx: 6.0558, vy: 0, psi_rad: 0,4.67,1.74
The formal decision is: 00001 namely is: 1
Final decision is: 
The corresponding cost is: 18.6852
The cost of the formal decision is: -23333
Path: -1 -1 0 0 0 
Total cost: 18.6852
V from As: 6.0558 5.72247 5.38913 5.0558 4.72247 4.38913 4.0558 4.0558 4.0558 4.0558 4.0558 4.0558 4.0558 4.0558 4.0558 4.0558
S from Astar: 0 1.96304 3.81498 5.5558 7.18551 8.70411 10.1116 11.4635 12.8155 14.1674 15.5193 16.8713 18.2232 19.5751 20.9271 22.279 
X from Astar: 13.3092 15.2723 17.1242 18.8651 20.4948 22.0134 23.4209 24.7728 26.1247 27.4767 28.8286 30.1805 31.5325 32.8844 34.2363 35.5883 
Y from Astar: 0 0 0 0 0 0 0 0 0 0 0 0 0 0 0 0 
0
X from QP: 13.3092 15.2701 17.1386 18.8989 20.5495 22.0994 23.5639 24.9622 26.3134 27.635 28.9422 30.2458 31.5529 32.8681 34.1935 35.5297 
Y from QP: 0 0 0 0 0 0 0 0 0 0 0 0 0 0 0 0 
VX from QP: 6.0558 6.05539 6.05499 6.05458 6.05418 6.05377 6.05337 6.05296 6.05255 6.05215 6.05174 6.05134 6.05094 6.05053 6.05013 6.04972 
VY from QP: 0 0 0 0 0 0 0 0 0 0 0 0 0 0 0 0 
1
X from QP: 13.3092 15.2692 17.1366 18.8961 20.5463 22.096 23.5609 24.9598 26.3115 27.6339 28.9417 30.2457 31.5532 32.8685 34.1939 35.5299 
Y from QP: 0 0 0 0 0 0 0 0 0 0 0 0 0 0 0 0 
VX from QP: 6.0558 6.05539 6.05497 6.05456 6.05414 6.05373 6.05331 6.0529 6.05248 6.05207 6.05166 6.05124 6.05083 6.05042 6.05 6.04959 
VY from QP: 0 0 0 0 0 0 0 0 0 0 0 0 0 0 0 0 
Now x by QP is: 13.9089
Now y by QP is: 0
Now vx by QP is: 5.93973
Now vy by QP is: 0
0,5,5300,car, x: 13.9089, y: 0, vx: 5.93973, vy: 0, psi_rad: 0,4.67,1.74
The formal decision is:  namely is: 0
Final decision is: 
The corresponding cost is: 17.2949
The cost of the formal decision is: 17.2949
Path: -1 -1 0 0 0 
Total cost: 17.2949
V from As: 5.93973 5.6064 5.27307 4.93973 4.6064 4.27307 3.93973 3.93973 3.93973 3.93973 3.93973 3.93973 3.93973 3.93973 3.93973 3.93973
S from Astar: 0 1.92436 3.7376 5.43973 7.03075 8.51066 9.87946 11.1927 12.506 13.8192 15.1324 16.4457 17.7589 19.0722 20.3854 21.6987 
X from Astar: 13.9089 15.8332 17.6465 19.3486 20.9396 22.4195 23.7883 25.1016 26.4148 27.7281 29.0413 30.3546 31.6678 32.9811 34.2943 35.6075 
Y from Astar: 0 0 0 0 0 0 0 0 0 0 0 0 0 0 0 0 
0
X from QP: 13.9089 15.831 17.6608 19.3825 20.9944 22.5055 23.9314 25.291 26.6035 27.8865 29.155 30.4198 31.6883 32.9648 34.2515 35.549 
Y from QP: 0 0 0 0 0 0 0 0 0 0 0 0 0 0 0 0 
VX from QP: 5.93973 5.93933 5.93892 5.93851 5.93811 5.9377 5.9373 5.93689 5.93649 5.93608 5.93568 5.93527 5.93487 5.93446 5.93406 5.93365 
VY from QP: 0 0 0 0 0 0 0 0 0 0 0 0 0 0 0 0 
1
X from QP: 13.9089 15.8258 17.6494 19.3661 20.9755 22.4864 23.9141 25.2768 26.5929 27.8797 29.1517 30.4192 31.6896 32.9671 34.2538 35.5504 
Y from QP: 0 0 0 0 0 0 0 0 0 0 0 0 0 0 0 0 
VX from QP: 5.93973 5.93927 5.93882 5.93836 5.9379 5.93745 5.93699 5.93654 5.93608 5.93562 5.93517 5.93471 5.93426 5.9338 5.93335 5.9329 
VY from QP: 0 0 0 0 0 0 0 0 0 0 0 0 0 0 0 0 
Now x by QP is: 14.4964
Now y by QP is: 0
Now vx by QP is: 5.81322
Now vy by QP is: 0
0,5,5400,car, x: 14.4964, y: 0, vx: 5.81322, vy: 0, psi_rad: 0,4.67,1.74
The formal decision is:  namely is: 0
Final decision is: 
The corresponding cost is: 15.9331
The cost of the formal decision is: 15.9331
Path: -1 -1 0 0 0 
Total cost: 15.9331
V from As: 5.81322 5.47988 5.14655 4.81322 4.47988 4.14655 3.81322 3.81322 3.81322 3.81322 3.81322 3.81322 3.81322 3.81322 3.81322 3.81322
S from Astar: 0 1.88218 3.65326 5.31322 6.86207 8.29981 9.62644 10.8975 12.1686 13.4397 14.7107 15.9818 17.2529 18.5239 19.795 21.0661 
X from Astar: 14.4964 16.3785 18.1496 19.8096 21.3584 22.7962 24.1228 25.3939 26.6649 27.936 29.2071 30.4782 31.7492 33.0203 34.2914 35.5624 
Y from Astar: 0 0 0 0 0 0 0 0 0 0 0 0 0 0 0 0 
0
X from QP: 14.4964 16.3763 18.164 19.8434 21.4132 22.8822 24.2659 25.5833 26.8536 28.0944 29.3207 30.5434 31.7697 33.004 34.2485 35.5039 
Y from QP: 0 0 0 0 0 0 0 0 0 0 0 0 0 0 0 0 
VX from QP: 5.81322 5.81281 5.81241 5.812 5.81159 5.81119 5.81078 5.81038 5.80997 5.80957 5.80916 5.80876 5.80835 5.80795 5.80754 5.80714 
VY from QP: 0 0 0 0 0 0 0 0 0 0 0 0 0 0 0 0 
1
X from QP: 14.4964 16.3707 18.1516 19.8258 21.3928 22.8616 24.2472 25.5679 26.8422 28.0871 29.3172 30.5428 31.7711 33.0065 34.2511 35.5054 
Y from QP: 0 0 0 0 0 0 0 0 0 0 0 0 0 0 0 0 
VX from QP: 5.81322 5.81276 5.8123 5.81183 5.81137 5.81091 5.81045 5.80999 5.80953 5.80908 5.80862 5.80816 5.8077 5.80724 5.80678 5.80632 
VY from QP: 0 0 0 0 0 0 0 0 0 0 0 0 0 0 0 0 
Now x by QP is: 15.0711
Now y by QP is: 0
Now vx by QP is: 5.68573
Now vy by QP is: 0
0,5,5500,car, x: 15.0711, y: 0, vx: 5.68573, vy: 0, psi_rad: 0,4.67,1.74
The formal decision is:  namely is: 0
Final decision is: 
The corresponding cost is: 14.7226
The cost of the formal decision is: 14.7226
Path: -1 -1 0 0 0 
Total cost: 14.7226
V from As: 5.68573 5.3524 5.01907 4.68573 4.3524 4.01907 3.68573 3.68573 3.68573 3.68573 3.68573 3.68573 3.68573 3.68573 3.68573 3.68573
S from Astar: 0 1.83969 3.56827 5.18573 6.69209 8.08733 9.37147 10.6 11.8286 13.0572 14.2858 15.5144 16.7429 17.9715 19.2001 20.4287 
X from Astar: 15.0711 16.9108 18.6394 20.2569 21.7632 23.1585 24.4426 25.6712 26.8997 28.1283 29.3569 30.5855 31.8141 33.0426 34.2712 35.4998 
Y from Astar: 0 0 0 0 0 0 0 0 0 0 0 0 0 0 0 0 
0
X from QP: 15.0711 16.9086 18.6537 20.2907 21.818 23.2444 24.5857 25.8606 27.0884 28.2867 29.4705 30.6507 31.8345 33.0264 34.2284 35.4412 
Y from QP: 0 0 0 0 0 0 0 0 0 0 0 0 0 0 0 0 
VX from QP: 5.68573 5.68533 5.68492 5.68451 5.68411 5.6837 5.6833 5.68289 5.68249 5.68208 5.68168 5.68127 5.68087 5.68046 5.68006 5.67966 
VY from QP: 0 0 0 0 0 0 0 0 0 0 0 0 0 0 0 0 
1
X from QP: 15.0711 16.9029 18.6413 20.273 21.7975 23.2237 24.5668 25.8451 27.077 28.2794 29.467 30.6501 31.836 33.0289 34.2309 35.4428 
Y from QP: 0 0 0 0 0 0 0 0 0 0 0 0 0 0 0 0 
VX from QP: 5.68573 5.68527 5.68481 5.68435 5.68389 5.68343 5.68297 5.68251 5.68205 5.68159 5.68113 5.68067 5.68021 5.67975 5.67929 5.67883 
VY from QP: 0 0 0 0 0 0 0 0 0 0 0 0 0 0 0 0 
Now x by QP is: 15.6331
Now y by QP is: 0
Now vx by QP is: 5.55816
Now vy by QP is: 0
0,5,5600,car, x: 15.6331, y: 0, vx: 5.55816, vy: 0, psi_rad: 0,4.67,1.74
The formal decision is:  namely is: 0
Final decision is: 
The corresponding cost is: 13.674
The cost of the formal decision is: 13.674
Path: -1 -1 0 0 0 
Total cost: 13.674
V from As: 5.55816 5.22483 4.89149 4.55816 4.22483 3.89149 3.55816 3.55816 3.55816 3.55816 3.55816 3.55816 3.55816 3.55816 3.55816 3.55816
S from Astar: 0 1.79716 3.48322 5.05816 6.52199 7.87471 9.11632 10.3024 11.4884 12.6745 13.8605 15.0466 16.2326 17.4187 18.6047 19.7908 
X from Astar: 15.6331 17.4303 19.1163 20.6913 22.1551 23.5078 24.7494 25.9355 27.1216 28.3076 29.4937 30.6797 31.8658 33.0518 34.2379 35.4239 
Y from Astar: 0 0 0 0 0 0 0 0 0 0 0 0 0 0 0 0 
0
X from QP: 15.6331 17.4281 19.1307 20.7251 22.2099 23.5938 24.8925 26.125 27.3102 28.466 29.6073 30.745 31.8862 33.0356 34.195 35.3654 
Y from QP: 0 0 0 0 0 0 0 0 0 0 0 0 0 0 0 0 
VX from QP: 5.55816 5.55775 5.55735 5.55694 5.55653 5.55613 5.55572 5.55532 5.55491 5.55451 5.5541 5.5537 5.55329 5.55289 5.55248 5.55208 
VY from QP: 0 0 0 0 0 0 0 0 0 0 0 0 0 0 0 0 
1
X from QP: 15.6331 17.4224 19.1183 20.7074 22.1894 23.5731 24.8737 26.1095 27.2988 28.4587 29.6037 30.7443 31.8877 33.0381 34.1976 35.3669 
Y from QP: 0 0 0 0 0 0 0 0 0 0 0 0 0 0 0 0 
VX from QP: 5.55816 5.5577 5.55724 5.55677 5.55631 5.55585 5.55539 5.55493 5.55447 5.55401 5.55355 5.55309 5.55264 5.55218 5.55172 5.55126 
VY from QP: 0 0 0 0 0 0 0 0 0 0 0 0 0 0 0 0 
Now x by QP is: 16.1824
Now y by QP is: 0
Now vx by QP is: 5.43058
Now vy by QP is: 0
0,5,5700,car, x: 16.1824, y: 0, vx: 5.43058, vy: 0, psi_rad: 0,4.67,1.74
The formal decision is:  namely is: 0
Final decision is: 
The corresponding cost is: 12.7881
The cost of the formal decision is: 12.7881
Path: -1 -1 0 0 0 
Total cost: 12.7881
V from As: 5.43058 5.09724 4.76391 4.43058 4.09724 3.76391 3.43058 3.43058 3.43058 3.43058 3.43058 3.43058 3.43058 3.43058 3.43058 3.43058
S from Astar: 0 1.75464 3.39816 4.93058 6.35188 7.66207 8.86115 10.0047 11.1482 12.2917 13.4353 14.5788 15.7223 16.8658 18.0094 19.1529 
X from Astar: 16.1824 17.937 19.5805 21.113 22.5343 23.8445 25.0435 26.1871 27.3306 28.4741 29.6176 30.7612 31.9047 33.0482 34.1917 35.3353 
Y from Astar: 0 0 0 0 0 0 0 0 0 0 0 0 0 0 0 0 
0
X from QP: 16.1824 17.9348 19.5949 21.1468 22.5891 23.9305 25.1866 26.3765 27.5192 28.6325 29.7313 30.8264 31.9252 33.032 34.1489 35.2767 
Y from QP: 0 0 0 0 0 0 0 0 0 0 0 0 0 0 0 0 
VX from QP: 5.43058 5.43017 5.42976 5.42936 5.42895 5.42855 5.42814 5.42773 5.42733 5.42692 5.42652 5.42612 5.42571 5.42531 5.4249 5.4245 
VY from QP: 0 0 0 0 0 0 0 0 0 0 0 0 0 0 0 0 
1
X from QP: 16.1824 17.9291 19.5825 21.1291 22.5685 23.9097 25.1678 26.361 27.5078 28.6252 29.7277 30.8258 31.9266 33.0345 34.1515 35.2783 
Y from QP: 0 0 0 0 0 0 0 0 0 0 0 0 0 0 0 0 
VX from QP: 5.43058 5.43011 5.42965 5.42919 5.42873 5.42827 5.42781 5.42735 5.42689 5.42643 5.42597 5.42551 5.42505 5.42459 5.42414 5.42368 
VY from QP: 0 0 0 0 0 0 0 0 0 0 0 0 0 0 0 0 
Now x by QP is: 16.7189
Now y by QP is: 0
Now vx by QP is: 5.30299
Now vy by QP is: 0
0,5,5800,car, x: 16.7189, y: 0, vx: 5.30299, vy: 0, psi_rad: 0,4.67,1.74
The formal decision is:  namely is: 0
Final decision is: 
The corresponding cost is: 12.065
The cost of the formal decision is: 12.065
Path: -1 -1 0 0 0 
Total cost: 12.065
V from As: 5.30299 4.96966 4.63633 4.30299 3.96966 3.63633 3.30299 3.30299 3.30299 3.30299 3.30299 3.30299 3.30299 3.30299 3.30299 3.30299
S from Astar: 0 1.71211 3.31311 4.80299 6.18177 7.44943 8.60599 9.70698 10.808 11.909 13.01 14.111 15.212 16.313 17.414 18.515 
X from Astar: 16.7189 18.431 20.032 21.5219 22.9006 24.1683 25.3249 26.4259 27.5269 28.6279 29.7289 30.8299 31.9309 33.0318 34.1328 35.2338 
Y from Astar: 0 0 0 0 0 0 0 0 0 0 0 0 0 0 0 0 
0
X from QP: 16.7189 18.4288 20.0463 21.5557 22.9554 24.2543 25.4679 26.6153 27.7155 28.7862 29.8425 30.8951 31.9513 33.0156 34.09 35.1753 
Y from QP: 0 0 0 0 0 0 0 0 0 0 0 0 0 0 0 0 
VX from QP: 5.30299 5.30259 5.30218 5.30177 5.30137 5.30096 5.30056 5.30015 5.29975 5.29934 5.29894 5.29853 5.29813 5.29772 5.29732 5.29691 
VY from QP: 0 0 0 0 0 0 0 0 0 0 0 0 0 0 0 0 
1
X from QP: 16.7189 18.4231 20.0339 21.538 22.9349 24.2336 25.4491 26.5998 27.7041 28.7789 29.8389 30.8945 31.9528 33.0181 34.0926 35.1768 
Y from QP: 0 0 0 0 0 0 0 0 0 0 0 0 0 0 0 0 
VX from QP: 5.30299 5.30253 5.30207 5.30161 5.30115 5.30069 5.30023 5.29977 5.29931 5.29885 5.29839 5.29793 5.29747 5.29701 5.29655 5.29609 
VY from QP: 0 0 0 0 0 0 0 0 0 0 0 0 0 0 0 0 
Now x by QP is: 17.2426
Now y by QP is: 0
Now vx by QP is: 5.17541
Now vy by QP is: 0
0,5,5900,car, x: 17.2426, y: 0, vx: 5.17541, vy: 0, psi_rad: 0,4.67,1.74
The formal decision is:  namely is: 0
Final decision is: 
The corresponding cost is: 11.5047
The cost of the formal decision is: 11.5047
Path: -1 -1 0 0 0 
Total cost: 11.5047
V from As: 5.17541 4.84208 4.50874 4.17541 3.84208 3.50874 3.17541 3.17541 3.17541 3.17541 3.17541 3.17541 3.17541 3.17541 3.17541 3.17541
S from Astar: 0 1.66958 3.22805 4.67541 6.01166 7.23679 8.35082 9.40929 10.4678 11.5262 12.5847 13.6432 14.7016 15.7601 16.8186 17.877 
X from Astar: 17.2426 18.9122 20.4707 21.918 23.2543 24.4794 25.5934 26.6519 27.7104 28.7688 29.8273 30.8858 31.9443 33.0027 34.0612 35.1197 
Y from Astar: 0 0 0 0 0 0 0 0 0 0 0 0 0 0 0 0 
0
X from QP: 17.2426 18.91 20.485 21.9519 23.3091 24.5654 25.7365 26.8414 27.899 28.9272 29.941 30.951 31.9647 32.9865 34.0184 35.0611 
Y from QP: 0 0 0 0 0 0 0 0 0 0 0 0 0 0 0 0 
VX from QP: 5.17541 5.175 5.1746 5.17419 5.17378 5.17338 5.17297 5.17257 5.17216 5.17176 5.17135 5.17095 5.17054 5.17014 5.16973 5.16933 
VY from QP: 0 0 0 0 0 0 0 0 0 0 0 0 0 0 0 0 
1
X from QP: 17.2426 18.9043 20.4726 21.9342 23.2885 24.5447 25.7177 26.8259 27.8876 28.9199 29.9374 30.9504 31.9662 32.989 34.0209 35.0627 
Y from QP: 0 0 0 0 0 0 0 0 0 0 0 0 0 0 0 0 
VX from QP: 5.17541 5.17495 5.17449 5.17402 5.17356 5.1731 5.17264 5.17218 5.17172 5.17126 5.1708 5.17034 5.16989 5.16943 5.16897 5.16851 
VY from QP: 0 0 0 0 0 0 0 0 0 0 0 0 0 0 0 0 
Now x by QP is: 17.7536
Now y by QP is: 0
Now vx by QP is: 5.04783
Now vy by QP is: 0
0,6,6000,car, x: 17.7536, y: 0, vx: 5.04783, vy: 0, psi_rad: 0,4.67,1.74
The formal decision is:  namely is: 0
Final decision is: 
The corresponding cost is: 10.4897
The cost of the formal decision is: 10.4897
Path: -1 0 0 0 0 
Total cost: 10.4897
V from As: 5.04783 4.71449 4.38116 4.04783 4.04783 4.04783 4.04783 4.04783 4.04783 4.04783 4.04783 4.04783 4.04783 4.04783 4.04783 4.04783
S from Astar: 0 1.62705 3.14299 4.54783 5.8971 7.24638 8.59565 9.94493 11.2942 12.6435 13.9928 15.342 16.6913 18.0406 19.3899 20.7391 
X from Astar: 17.7536 19.3807 20.8966 22.3014 23.6507 25 26.3492 27.6985 29.0478 30.3971 31.7463 33.0956 34.4449 35.7942 37.1434 38.4927 
Y from Astar: 0 0 0 0 0 0 0 0 0 0 0 0 0 0 0 0 
0
X from QP: 17.7536 19.3904 20.9585 22.452 23.8772 25.2464 26.5755 27.8805 29.1747 30.4684 31.7691 33.0812 34.4071 35.7477 37.1032 38.4739 
Y from QP: 0 0 0 0 0 0 0 0 0 0 0 0 0 0 0 0 
VX from QP: 5.04783 5.0475 5.04717 5.04684 5.04651 5.04618 5.04585 5.04553 5.0452 5.04487 5.04454 5.04422 5.04389 5.04356 5.04323 5.04291 
VY from QP: 0 0 0 0 0 0 0 0 0 0 0 0 0 0 0 0 
1
X from QP: 17.7536 19.3847 20.946 22.4343 23.8567 25.2257 26.5567 27.865 29.1632 30.4611 31.7655 33.0806 34.4085 35.7502 37.1058 38.4755 
Y from QP: 0 0 0 0 0 0 0 0 0 0 0 0 0 0 0 0 
VX from QP: 5.04783 5.04744 5.04706 5.04667 5.04629 5.04591 5.04552 5.04514 5.04476 5.04438 5.04399 5.04361 5.04323 5.04285 5.04247 5.04209 
VY from QP: 0 0 0 0 0 0 0 0 0 0 0 0 0 0 0 0 
Now x by QP is: 18.253
Now y by QP is: 0
Now vx by QP is: 4.94272
Now vy by QP is: 0
0,6,6100,car, x: 18.253, y: 0, vx: 4.94272, vy: 0, psi_rad: 0,4.67,1.74
The formal decision is:  namely is: 0
Final decision is: 
The corresponding cost is: 9.44361
The cost of the formal decision is: 9.44361
Path: -1 0 0 0 0 
Total cost: 9.44361
V from As: 4.94272 4.60939 4.27605 3.94272 3.94272 3.94272 3.94272 3.94272 3.94272 3.94272 3.94272 3.94272 3.94272 3.94272 3.94272 3.94272
S from Astar: 0 1.59202 3.07292 4.44272 5.75696 7.0712 8.38544 9.69968 11.0139 12.3282 13.6424 14.9566 16.2709 17.5851 18.8994 20.2136 
X from Astar: 18.253 19.845 21.3259 22.6957 24.0099 25.3242 26.6384 27.9526 29.2669 30.5811 31.8954 33.2096 34.5238 35.8381 37.1523 38.4666 
Y from Astar: 0 0 0 0 0 0 0 0 0 0 0 0 0 0 0 0 
0
X from QP: 18.253 19.8547 21.3877 22.8463 24.2364 25.5706 26.8646 28.1346 29.3937 30.6524 31.9181 33.1952 34.486 35.7916 37.1121 38.4477 
Y from QP: 0 0 0 0 0 0 0 0 0 0 0 0 0 0 0 0 
VX from QP: 4.94272 4.94239 4.94206 4.94173 4.94141 4.94108 4.94075 4.94042 4.94009 4.93976 4.93944 4.93911 4.93878 4.93846 4.93813 4.9378 
VY from QP: 0 0 0 0 0 0 0 0 0 0 0 0 0 0 0 0 
1
X from QP: 18.253 19.8501 21.3776 22.8319 24.2197 25.5537 26.8493 28.122 29.3844 30.6465 31.9151 33.1947 34.4872 35.7936 37.1142 38.449 
Y from QP: 0 0 0 0 0 0 0 0 0 0 0 0 0 0 0 0 
VX from QP: 4.94272 4.94235 4.94197 4.9416 4.94123 4.94085 4.94048 4.94011 4.93973 4.93936 4.93899 4.93862 4.93825 4.93788 4.9375 4.93713 
VY from QP: 0 0 0 0 0 0 0 0 0 0 0 0 0 0 0 0 
Now x by QP is: 18.7419
Now y by QP is: 0
Now vx by QP is: 4.84016
Now vy by QP is: 0
0,6,6200,car, x: 18.7419, y: 0, vx: 4.84016, vy: 0, psi_rad: 0,4.67,1.74
The formal decision is:  namely is: 0
Final decision is: 
The corresponding cost is: 8.52938
The cost of the formal decision is: 8.52938
Path: -1 0 0 0 0 
Total cost: 8.52938
V from As: 4.84016 4.50683 4.1735 3.84016 3.84016 3.84016 3.84016 3.84016 3.84016 3.84016 3.84016 3.84016 3.84016 3.84016 3.84016 3.84016
S from Astar: 0 1.55783 3.00455 4.34016 5.62022 6.90027 8.18033 9.46038 10.7404 12.0205 13.3005 14.5806 15.8607 17.1407 18.4208 19.7008 
X from Astar: 18.7419 20.2998 21.7465 23.0821 24.3622 25.6422 26.9223 28.2023 29.4824 30.7624 32.0425 33.3225 34.6026 35.8827 37.1627 38.4428 
Y from Astar: 0 0 0 0 0 0 0 0 0 0 0 0 0 0 0 0 
0
X from QP: 18.7419 20.3095 21.8084 23.2327 24.5887 25.8887 27.1485 28.3843 29.6092 30.8337 32.0652 33.3081 34.5648 35.8361 37.1225 38.4239 
Y from QP: 0 0 0 0 0 0 0 0 0 0 0 0 0 0 0 0 
VX from QP: 4.84016 4.83984 4.83951 4.83918 4.83885 4.83852 4.83819 4.83786 4.83754 4.83721 4.83688 4.83655 4.83623 4.8359 4.83557 4.83525 
VY from QP: 0 0 0 0 0 0 0 0 0 0 0 0 0 0 0 0 
1
X from QP: 18.7419 20.305 21.7985 23.2186 24.5723 25.8721 27.1335 28.372 29.6001 30.8279 32.0623 33.3076 34.5659 35.8381 37.1245 38.4252 
Y from QP: 0 0 0 0 0 0 0 0 0 0 0 0 0 0 0 0 
VX from QP: 4.84016 4.83979 4.83942 4.83905 4.83867 4.8383 4.83793 4.83756 4.83719 4.83682 4.83644 4.83607 4.8357 4.83533 4.83496 4.83459 
VY from QP: 0 0 0 0 0 0 0 0 0 0 0 0 0 0 0 0 
Now x by QP is: 19.2207
Now y by QP is: 0
Now vx by QP is: 4.73785
Now vy by QP is: 0
0,6,6300,car, x: 19.2207, y: 0, vx: 4.73785, vy: 0, psi_rad: 0,4.67,1.74
The formal decision is:  namely is: 0
Final decision is: 
The corresponding cost is: 7.72208
The cost of the formal decision is: 7.72208
Path: -1 0 0 0 0 
Total cost: 7.72208
V from As: 4.73785 4.40451 4.07118 3.73785 3.73785 3.73785 3.73785 3.73785 3.73785 3.73785 3.73785 3.73785 3.73785 3.73785 3.73785 3.73785
S from Astar: 0 1.52373 2.93634 4.23785 5.48379 6.72974 7.97569 9.22164 10.4676 11.7135 12.9595 14.2054 15.4514 16.6973 17.9433 19.1892 
X from Astar: 19.2207 20.7444 22.157 23.4585 24.7045 25.9504 27.1964 28.4423 29.6883 30.9342 32.1802 33.4261 34.6721 35.918 37.164 38.4099 
Y from Astar: 0 0 0 0 0 0 0 0 0 0 0 0 0 0 0 0 
0
X from QP: 19.2207 20.7541 22.2189 23.6092 24.931 26.1969 27.4226 28.6243 29.8151 31.0055 32.2029 33.4117 34.6343 35.8715 37.1238 38.3911 
Y from QP: 0 0 0 0 0 0 0 0 0 0 0 0 0 0 0 0 
VX from QP: 4.73785 4.73752 4.73719 4.73686 4.73653 4.7362 4.73587 4.73555 4.73522 4.73489 4.73456 4.73424 4.73391 4.73358 4.73325 4.73293 
VY from QP: 0 0 0 0 0 0 0 0 0 0 0 0 0 0 0 0 
1
X from QP: 19.2207 20.7496 22.209 23.5951 24.9147 26.1804 27.4077 28.612 29.806 30.9997 32.2 33.4112 34.6354 35.8735 37.1258 38.3923 
Y from QP: 0 0 0 0 0 0 0 0 0 0 0 0 0 0 0 0 
VX from QP: 4.73785 4.73747 4.7371 4.73673 4.73636 4.73598 4.73561 4.73524 4.73487 4.7345 4.73413 4.73376 4.73339 4.73302 4.73265 4.73228 
VY from QP: 0 0 0 0 0 0 0 0 0 0 0 0 0 0 0 0 
Now x by QP is: 19.6892
Now y by QP is: 0
Now vx by QP is: 4.63555
Now vy by QP is: 0
0,6,6400,car, x: 19.6892, y: 0, vx: 4.63555, vy: 0, psi_rad: 0,4.67,1.74
The formal decision is:  namely is: 0
Final decision is: 
The corresponding cost is: 7.01962
The cost of the formal decision is: 7.01962
Path: -1 0 0 0 0 
Total cost: 7.01962
V from As: 4.63555 4.30222 3.96888 3.63555 3.63555 3.63555 3.63555 3.63555 3.63555 3.63555 3.63555 3.63555 3.63555 3.63555 3.63555 3.63555
S from Astar: 0 1.48963 2.86814 4.13555 5.3474 6.55925 7.7711 8.98295 10.1948 11.4066 12.6185 13.8303 15.0422 16.254 17.4659 18.6777 
X from Astar: 19.6892 21.1788 22.5573 23.8247 25.0366 26.2484 27.4603 28.6721 29.884 31.0958 32.3077 33.5195 34.7314 35.9432 37.1551 38.3669 
Y from Astar: 0 0 0 0 0 0 0 0 0 0 0 0 0 0 0 0 
0
X from QP: 19.6892 21.1886 22.6192 23.9754 25.2631 26.4949 27.6865 28.8541 30.0109 31.1671 32.3304 33.5051 34.6936 35.8967 37.1149 38.3481 
Y from QP: 0 0 0 0 0 0 0 0 0 0 0 0 0 0 0 0 
VX from QP: 4.63555 4.63522 4.63489 4.63456 4.63423 4.63391 4.63358 4.63325 4.63292 4.63259 4.63227 4.63194 4.63161 4.63129 4.63096 4.63063 
VY from QP: 0 0 0 0 0 0 0 0 0 0 0 0 0 0 0 0 
1
X from QP: 19.6892 21.1841 22.6093 23.9613 25.2468 26.4784 27.6716 28.8418 30.0018 31.1613 32.3275 33.5046 34.6947 35.8987 37.1169 38.3494 
Y from QP: 0 0 0 0 0 0 0 0 0 0 0 0 0 0 0 0 
VX from QP: 4.63555 4.63518 4.6348 4.63443 4.63406 4.63369 4.63332 4.63294 4.63257 4.6322 4.63183 4.63146 4.63109 4.63072 4.63035 4.62998 
VY from QP: 0 0 0 0 0 0 0 0 0 0 0 0 0 0 0 0 
Now x by QP is: 20.1475
Now y by QP is: 0
Now vx by QP is: 4.53325
Now vy by QP is: 0
0,6,6500,car, x: 20.1475, y: 0, vx: 4.53325, vy: 0, psi_rad: 0,4.67,1.74
